1,	31.592567626,	120.773493051,	 17.826000000,	0.016970563,	0,	0,	0,	0,	0;
2,	31.592520589,	120.773387291,	 17.825000000,	2.053177537,	0,	0,	0,	0,	0;
3,	31.592472713,	120.773276620,	 17.858000000,	0.840000000,	0,	0,	0,	0,	0;
4,	31.592436952,	120.773190448,	 17.852000000,	0.840000000,	0,	0,	0,	0,	0;
5,	31.592428560,	120.773168312,	 17.872000000,	0.840000000,	0,	0,	0,	0,	0;
6,	31.592421424,	120.773145583,	 17.842000000,	0.840000000,	0,	0,	0,	0,	0;
7,	31.592416881,	120.773123506,	 17.788000000,	0.840000000,	0,	0,	0,	0,	0;
8,	31.592415844,	120.773100024,	 17.739000000,	0.840000000,	0,	0,	0,	0,	0;
9,	31.592420576,	120.773078236,	 17.713000000,	0.840000000,	0,	0,	0,	0,	0;
10,	31.592432700,	120.773059851,	 17.687000000,	0.840000000,	0,	0,	0,	0,	0;
11,	31.592449129,	120.773048263,	 17.800000000,	0.840000000,	0,	0,	0,	0,	0;
12,	31.592466996,	120.773040417,	 17.844000000,	0.840000000,	0,	0,	0,	0,	0;
13,	31.592484892,	120.773033141,	 17.837000000,	0.840000000,	0,	0,	0,	0,	0;
14,	31.592502245,	120.773025416,	 17.922000000,	0.840000000,	0,	0,	0,	0,	0;
15,	31.592519435,	120.773016493,	 17.917000000,	0.840000000,	0,	0,	0,	0,	0;
16,	31.592536290,	120.773006463,	 17.986000000,	0.840000000,	0,	0,	0,	0,	0;
17,	31.592552378,	120.772994865,	 18.079000000,	0.840000000,	0,	0,	0,	0,	0;
18,	31.592568721,	120.772984142,	 18.003000000,	0.840000000,	0,	0,	0,	0,	0;
19,	31.592586634,	120.772977248,	 17.968000000,	0.840000000,	0,	0,	0,	0,	0;
20,	31.592605539,	120.772976776,	 17.968000000,	0.840000000,	0,	0,	0,	0,	0;
21,	31.592622281,	120.772987465,	 17.982000000,	0.840000000,	0,	0,	0,	0,	0;
22,	31.592634740,	120.773005951,	 18.000000000,	0.840000000,	0,	0,	0,	0,	0;
23,	31.592645128,	120.773026999,	 18.138000000,	0.840000000,	0,	0,	0,	0,	0;
24,	31.592655231,	120.773048632,	 18.164000000,	0.840000000,	0,	0,	0,	0,	0;
25,	31.592703431,	120.773159372,	 18.201000000,	0.840000000,	0,	0,	0,	0,	0;
26,	31.592712727,	120.773183144,	 18.265000000,	1.513003183,	0,	0,	0,	0,	0;
27,	31.592748349,	120.773275217,	 18.263000000,	2.597055641,	0,	0,	0,	0,	0;
28,	31.592757638,	120.773296565,	 18.286000000,	2.460127029,	0,	0,	0,	0,	0;
29,	31.592767924,	120.773318243,	 18.279000000,	2.254088729,	0,	0,	0,	0,	0;
30,	31.592779690,	120.773339127,	 18.239000000,	2.080077883,	0,	0,	0,	0,	0;
31,	31.592792006,	120.773357350,	 18.243000000,	1.922066596,	0,	0,	0,	0,	0;
32,	31.592808152,	120.773373311,	 18.230000000,	1.752041095,	0,	0,	0,	0,	0;
33,	31.592826071,	120.773383415,	 18.245000000,	1.946216072,	0,	0,	0,	0,	0;
34,	31.592847019,	120.773387581,	 18.270000000,	1.934248433,	0,	0,	0,	0,	0;
35,	31.592867915,	120.773384507,	 18.274000000,	1.964049898,	0,	0,	0,	0,	0;
36,	31.592888784,	120.773377138,	 18.332000000,	2.189051393,	0,	0,	0,	0,	0;
37,	31.592908243,	120.773367925,	 18.406000000,	2.440066393,	0,	0,	0,	0,	0;
38,	31.592927008,	120.773357737,	 18.448000000,	2.665157781,	0,	0,	0,	0,	0;
39,	31.593027279,	120.773298166,	 18.452000000,	3.309060441,	0,	0,	0,	0,	0;
40,	31.593129677,	120.773235315,	 18.507000000,	2.996104304,	0,	0,	0,	0,	0;
41,	31.593225449,	120.773177542,	 18.393000000,	2.681000186,	0,	0,	0,	0,	0;
42,	31.593284151,	120.773140473,	 18.258000000,	2.743000000,	0,	0,	0,	0,	0;
43,	31.593304068,	120.773128741,	 18.219000000,	2.726001651,	0,	0,	0,	0,	0;
44,	31.593323408,	120.773118144,	 18.226000000,	2.584043537,	0,	0,	0,	0,	0;
45,	31.593343913,	120.773107911,	 18.208000000,	2.397030037,	0,	0,	0,	0,	0;
46,	31.593363656,	120.773099794,	 18.197000000,	2.333005358,	0,	0,	0,	0,	0;
47,	31.593384122,	120.773094635,	 18.196000000,	2.377001893,	0,	0,	0,	0,	0;
48,	31.593406173,	120.773092234,	 18.160000000,	2.579023459,	0,	0,	0,	0,	0;
49,	31.593427636,	120.773091707,	 18.163000000,	2.686036485,	0,	0,	0,	0,	0;
50,	31.593470845,	120.773092666,	 18.147000000,	2.704089496,	0,	0,	0,	0,	0;
51,	31.593492793,	120.773092508,	 18.130000000,	2.658204845,	0,	0,	0,	0,	0;
52,	31.593514163,	120.773091350,	 18.103000000,	2.660347534,	0,	0,	0,	0,	0;
53,	31.593536098,	120.773088512,	 18.038000000,	2.734513668,	0,	0,	0,	0,	0;
54,	31.593558202,	120.773083313,	 17.994000000,	2.810360297,	0,	0,	0,	0,	0;
55,	31.593580380,	120.773075536,	 17.989000000,	2.928516519,	0,	0,	0,	0,	0;
56,	31.593599469,	120.773066332,	 17.996000000,	2.916378748,	0,	0,	0,	0,	0;
57,	31.593619990,	120.773053952,	 17.995000000,	2.892224058,	0,	0,	0,	0,	0;
58,	31.593639169,	120.773039218,	 17.976000000,	2.881487463,	0,	0,	0,	0,	0;
59,	31.593656623,	120.773021867,	 18.032000000,	2.793130502,	0,	0,	0,	0,	0;
60,	31.593671020,	120.773003003,	 18.082000000,	2.603292146,	0,	0,	0,	0,	0;
61,	31.593682584,	120.772982416,	 18.144000000,	2.590173739,	0,	0,	0,	0,	0;
62,	31.593691149,	120.772959792,	 18.144000000,	2.606092861,	0,	0,	0,	0,	0;
63,	31.593696219,	120.772935660,	 18.119000000,	2.619000000,	0,	0,	0,	0,	0;
64,	31.593698464,	120.772910677,	 18.114000000,	2.686001675,	0,	0,	0,	0,	0;
65,	31.593697991,	120.772884765,	 18.129000000,	2.790301238,	0,	0,	0,	0,	0;
66,	31.593696105,	120.772858062,	 18.150000000,	2.882212518,	0,	0,	0,	0,	0;
67,	31.593693525,	120.772833874,	 18.152000000,	3.053137730,	0,	0,	0,	0,	0;
68,	31.593679029,	120.772730094,	 18.154000000,	3.671008717,	0,	0,	0,	0,	0;
69,	31.593653958,	120.772594629,	 18.241000000,	3.829037738,	0,	0,	0,	0,	0;
70,	31.593621340,	120.772458680,	 18.269000000,	4.134043662,	0,	0,	0,	0,	0;
71,	31.593588913,	120.772329544,	 18.224000000,	4.191068718,	0,	0,	0,	0,	0;
72,	31.593557435,	120.772199944,	 18.216000000,	3.868158347,	0,	0,	0,	0,	0;
73,	31.593543905,	120.772146060,	 18.203000000,	3.784082584,	0,	0,	0,	0,	0;
74,	31.593536636,	120.772119653,	 18.189000000,	3.735048326,	0,	0,	0,	0,	0;
75,	31.593528772,	120.772093434,	 18.142000000,	3.808069458,	0,	0,	0,	0,	0;
76,	31.593520006,	120.772067040,	 18.111000000,	3.887321571,	0,	0,	0,	0,	0;
77,	31.593510204,	120.772040897,	 18.143000000,	3.828485993,	0,	0,	0,	0,	0;
78,	31.593471387,	120.771946513,	 18.210000000,	2.981419293,	0,	0,	0,	0,	0;
79,	31.593461654,	120.771925322,	 18.242000000,	2.751436352,	0,	0,	0,	0,	0;
80,	31.593450613,	120.771903725,	 18.249000000,	2.498353058,	0,	0,	0,	0,	0;
81,	31.593437991,	120.771883382,	 18.247000000,	2.219276008,	0,	0,	0,	0,	0;
82,	31.593423788,	120.771865567,	 18.205000000,	2.004505176,	0,	0,	0,	0,	0;
83,	31.593407050,	120.771852285,	 18.196000000,	2.123476866,	0,	0,	0,	0,	0;
84,	31.593386050,	120.771844580,	 18.193000000,	2.227539001,	0,	0,	0,	0,	0;
85,	31.593364092,	120.771845281,	 18.158000000,	2.252490400,	0,	0,	0,	0,	0;
86,	31.593343463,	120.771851100,	 18.142000000,	2.473505407,	0,	0,	0,	0,	0;
87,	31.593324415,	120.771859543,	 18.148000000,	2.566238687,	0,	0,	0,	0,	0;
88,	31.593304940,	120.771869835,	 18.204000000,	2.696098107,	0,	0,	0,	0,	0;
89,	31.593284901,	120.771881686,	 18.210000000,	2.811057630,	0,	0,	0,	0,	0;
90,	31.593188136,	120.771940671,	 18.409000000,	3.133184482,	0,	0,	0,	0,	0;
91,	31.593087041,	120.772002108,	 18.443000000,	3.223044834,	0,	0,	0,	0,	0;
92,	31.592984918,	120.772063360,	 18.523000000,	3.096005814,	0,	0,	0,	0,	0;
93,	31.592965844,	120.772075542,	 18.508000000,	2.972016824,	0,	0,	0,	0,	0;
94,	31.592947264,	120.772088022,	 18.463000000,	2.929090302,	0,	0,	0,	0,	0;
95,	31.592927667,	120.772102167,	 18.408000000,	2.816071022,	0,	0,	0,	0,	0;
96,	31.592908514,	120.772117121,	 18.390000000,	2.819029975,	0,	0,	0,	0,	0;
97,	31.592891048,	120.772132581,	 18.373000000,	2.709014950,	0,	0,	0,	0,	0;
98,	31.592873632,	120.772149560,	 18.329000000,	2.798035025,	0,	0,	0,	0,	0;
99,	31.592857283,	120.772167634,	 18.289000000,	2.680060447,	0,	0,	0,	0,	0;
100,	31.592842197,	120.772186120,	 18.224000000,	2.681047743,	0,	0,	0,	0,	0;
101,	31.592811924,	120.772224653,	 18.197000000,	2.715011786,	0,	0,	0,	0,	0;
102,	31.592795713,	120.772242928,	 18.138000000,	2.724000734,	0,	0,	0,	0,	0;
103,	31.592778262,	120.772259877,	 18.078000000,	2.802004461,	0,	0,	0,	0,	0;
104,	31.592761367,	120.772274231,	 18.003000000,	2.955097460,	0,	0,	0,	0,	0;
105,	31.592743062,	120.772287798,	 17.971000000,	3.061094085,	0,	0,	0,	0,	0;
106,	31.592723464,	120.772300385,	 17.966000000,	3.138070267,	0,	0,	0,	0,	0;
107,	31.592702714,	120.772311924,	 17.900000000,	3.204000156,	0,	0,	0,	0,	0;
108,	31.592682563,	120.772324256,	 17.834000000,	3.230022291,	0,	0,	0,	0,	0;
109,	31.592584901,	120.772379901,	 18.015000000,	3.361014876,	0,	0,	0,	0,	0;
110,	31.592563834,	120.772392835,	 18.051000000,	3.265030015,	0,	0,	0,	0,	0;
111,	31.592544406,	120.772405907,	 18.058000000,	3.063041789,	0,	0,	0,	0,	0;
112,	31.592526695,	120.772418740,	 18.079000000,	2.848063377,	0,	0,	0,	0,	0;
113,	31.592508496,	120.772433944,	 18.161000000,	2.770030505,	0,	0,	0,	0,	0;
114,	31.592491779,	120.772450877,	 18.216000000,	2.710009041,	0,	0,	0,	0,	0;
115,	31.592477609,	120.772468930,	 18.182000000,	2.551086435,	0,	0,	0,	0,	0;
116,	31.592465303,	120.772490587,	 18.115000000,	2.492353907,	0,	0,	0,	0,	0;
117,	31.592457126,	120.772514792,	 18.105000000,	2.529300694,	0,	0,	0,	0,	0;
118,	31.592453989,	120.772538258,	 18.082000000,	2.510602517,	0,	0,	0,	0,	0;
119,	31.592455403,	120.772563839,	 18.116000000,	2.375131575,	0,	0,	0,	0,	0;
120,	31.592460310,	120.772588049,	 18.167000000,	2.347218141,	0,	0,	0,	0,	0;
121,	31.592467947,	120.772611423,	 18.184000000,	1.372142492,	0,	0,	0,	0,	0;
122,	31.592477537,	120.772633879,	 18.210000000,	0.840000000,	0,	0,	0,	0,	0;
123,	31.592508567,	120.772696477,	 18.205000000,	0.840000000,	0,	0,	0,	0,	0;
124,	31.592517903,	120.772716589,	 18.209000000,	0.840000000,	0,	0,	0,	0,	0;
125,	31.592526377,	120.772737343,	 18.215000000,	0.840000000,	0,	0,	0,	0,	0;
126,	31.592532645,	120.772757638,	 18.248000000,	0.840000000,	0,	0,	0,	0,	0;
127,	31.592534860,	120.772780032,	 18.221000000,	0.840000000,	0,	0,	0,	0,	0;
128,	31.592529130,	120.772801132,	 18.242000000,	0.840000000,	0,	0,	0,	0,	0;
129,	31.592516014,	120.772816246,	 18.231000000,	0.840000000,	0,	0,	0,	0,	0;
130,	31.592499535,	120.772825765,	 18.147000000,	0.840000000,	0,	0,	0,	0,	0;
131,	31.592465384,	120.772844374,	 17.937000000,	0.840000000,	0,	0,	0,	0,	0;
132,	31.592448315,	120.772854892,	 17.883000000,	0.840000000,	0,	0,	0,	0,	0;
133,	31.592398508,	120.772887006,	 17.884000000,	0.840000000,	0,	0,	0,	0,	0;
134,	31.592381471,	120.772896622,	 17.826000000,	0.840000000,	0,	0,	0,	0,	0;
135,	31.592363970,	120.772904984,	 17.834000000,	0.840000000,	0,	0,	0,	0,	0;
136,	31.592345866,	120.772910593,	 17.838000000,	0.840000000,	0,	0,	0,	0,	0;
137,	31.592326086,	120.772911869,	 17.817000000,	0.840000000,	0,	0,	0,	0,	0;
138,	31.592306960,	120.772908537,	 17.822000000,	0.840000000,	0,	0,	0,	0,	0;
139,	31.592288655,	120.772900567,	 17.834000000,	0.840000000,	0,	0,	0,	0,	0;
140,	31.592271407,	120.772888056,	 17.846000000,	0.840000000,	0,	0,	0,	0,	0;
141,	31.592256740,	120.772872670,	 17.847000000,	0.840000000,	0,	0,	0,	0,	0;
142,	31.592243706,	120.772853637,	 17.829000000,	0.840000000,	0,	0,	0,	0,	0;
143,	31.592232326,	120.772833424,	 17.813000000,	0.840000000,	0,	0,	0,	0,	0;
144,	31.592221924,	120.772811519,	 17.836000000,	0.840000000,	0,	0,	0,	0,	0;
145,	31.592174996,	120.772702906,	 17.923000000,	0.840000000,	0,	0,	0,	0,	0;
146,	31.592138502,	120.772622278,	 18.008000000,	0.906000000,	0,	0,	0,	0,	0;
147,	31.592104283,	120.772542948,	 17.893000000,	0.840000000,	0,	0,	0,	0,	0;
148,	31.592095433,	120.772523873,	 17.907000000,	0.840000000,	0,	0,	0,	0,	0;
149,	31.592087047,	120.772504543,	 17.937000000,	0.840000000,	0,	0,	0,	0,	0;
150,	31.592079019,	120.772485091,	 17.900000000,	0.840000000,	0,	0,	0,	0,	0;
151,	31.592069783,	120.772465138,	 17.877000000,	0.840000000,	0,	0,	0,	0,	0;
152,	31.592053647,	120.772424795,	 17.847000000,	0.840000000,	0,	0,	0,	0,	0;
153,	31.592045092,	120.772404725,	 17.834000000,	0.840000000,	0,	0,	0,	0,	0;
154,	31.592033447,	120.772386960,	 17.888000000,	0.840000000,	0,	0,	0,	0,	0;
155,	31.592018107,	120.772373989,	 17.890000000,	0.840000000,	0,	0,	0,	0,	0;
156,	31.591999268,	120.772368892,	 17.967000000,	0.840000000,	0,	0,	0,	0,	0;
157,	31.591980662,	120.772373865,	 17.952000000,	0.840000000,	0,	0,	0,	0,	0;
158,	31.591965922,	120.772387827,	 17.977000000,	0.840000000,	0,	0,	0,	0,	0;
159,	31.591957197,	120.772408429,	 17.925000000,	0.840000000,	0,	0,	0,	0,	0;
160,	31.591955599,	120.772431081,	 17.855000000,	0.840000000,	0,	0,	0,	0,	0;
161,	31.591958929,	120.772454140,	 17.761000000,	0.840000000,	0,	0,	0,	0,	0;
162,	31.591964550,	120.772476179,	 17.775000000,	0.840000000,	0,	0,	0,	0,	0;
163,	31.591971552,	120.772497956,	 17.819000000,	0.840000000,	0,	0,	0,	0,	0;
164,	31.591979756,	120.772520519,	 17.769000000,	0.840000000,	0,	0,	0,	0,	0;
165,	31.591988496,	120.772542907,	 17.744000000,	0.840000000,	0,	0,	0,	0,	0;
166,	31.591997867,	120.772565751,	 17.743000000,	0.840000000,	0,	0,	0,	0,	0;
167,	31.592047207,	120.772678058,	 17.784000000,	1.035395526,	0,	0,	0,	0,	0;
168,	31.592095402,	120.772789133,	 17.798000000,	2.189082456,	0,	0,	0,	0,	0;
169,	31.592140780,	120.772897405,	 17.859000000,	2.554020592,	0,	0,	0,	0,	0;
170,	31.592188732,	120.773005637,	 17.929000000,	2.134000000,	0,	0,	0,	0,	0;
171,	31.592239557,	120.773119430,	 17.928000000,	3.279007472,	0,	0,	0,	0,	0;
172,	31.592294631,	120.773229765,	 17.905000000,	3.690065582,	0,	0,	0,	0,	0;
173,	31.592351402,	120.773351971,	 17.928000000,	3.740034224,	0,	0,	0,	0,	0;
174,	31.592406216,	120.773474738,	 17.886000000,	2.015001121,	0,	0,	0,	0,	0;
175,	31.592459000,	120.773593752,	 17.848000000,	1.574007666,	0,	0,	0,	0,	0;
176,	31.592510362,	120.773711220,	 17.829000000,	0.840000000,	0,	0,	0,	0,	0;
177,	31.592554274,	120.773811889,	 17.825000000,	0.840000000,	0,	0,	0,	0,	0;
178,	31.592600134,	120.773916571,	 17.802000000,	1.720026470,	0,	0,	0,	0,	0;
179,	31.592651340,	120.774033910,	 17.745000000,	2.082002596,	0,	0,	0,	0,	0;
180,	31.592700004,	120.774147756,	 17.727000000,	2.979032897,	0,	0,	0,	0,	0;
181,	31.592749269,	120.774261831,	 17.803000000,	3.066041748,	0,	0,	0,	0,	0;
182,	31.592796348,	120.774370678,	 17.814000000,	1.541014504,	0,	0,	0,	0,	0;
183,	31.592805164,	120.774389918,	 17.788000000,	0.840000000,	0,	0,	0,	0,	0;
184,	31.592852348,	120.774498939,	 17.934000000,	1.514016110,	0,	0,	0,	0,	0;
185,	31.592901460,	120.774614272,	 17.932000000,	2.514016110,	0,	0,	0,	0,	0;
186,	31.592952058,	120.774730244,	 17.812000000,	2.514016110,	0,	0,	0,	0,	0;
187,	31.592975900,	120.774784489,	 17.823000000,	2.514016110,	0,	0,	0,	0,	0;
188,	31.593017571,	120.774878614,	 17.770000000,	2.204242641,	0,	0,	0,	0,	0;
189,	31.593048617,	120.774948258,	 17.691000000,	2.283015362,	0,	0,	0,	0,	0;
190,	31.593062872,	120.774977817,	 17.714000000,	2.210050904,	0,	0,	0,	0,	0;
191,	31.593079519,	120.775008897,	 17.767000000,	2.386075648,	0,	0,	0,	0,	0;
192,	31.593098632,	120.775041643,	 17.785000000,	2.637100301,	0,	0,	0,	0,	0;
193,	31.593140388,	120.775110943,	 17.779000000,	2.655036911,	0,	0,	0,	0,	0;
194,	31.593160260,	120.775145658,	 17.776000000,	2.639012126,	0,	0,	0,	0,	0;
195,	31.593179248,	120.775181892,	 17.752000000,	2.718001656,	0,	0,	0,	0,	0;
196,	31.593272678,	120.775388741,	 17.788000000,	3.019008115,	0,	0,	0,	0,	0;
197,	31.593365753,	120.775602450,	 17.859000000,	3.064086324,	0,	0,	0,	0,	0;
198,	31.593402670,	120.775689183,	 17.862000000,	3.029072795,	0,	0,	0,	0,	0;
199,	31.593418232,	120.775731182,	 17.911000000,	2.786058147,	0,	0,	0,	0,	0;
200,	31.593431382,	120.775771822,	 17.894000000,	2.746052621,	0,	0,	0,	0,	0;
201,	31.593442487,	120.775812672,	 17.888000000,	2.684047690,	0,	0,	0,	0,	0;
202,	31.593462405,	120.775889908,	 17.832000000,	2.519000000,	0,	0,	0,	0,	0;
203,	31.593473901,	120.775927624,	 17.827000000,	2.603023242,	0,	0,	0,	0,	0;
204,	31.593488601,	120.775966652,	 17.813000000,	2.799014469,	0,	0,	0,	0,	0;
205,	31.593586237,	120.776184934,	 17.791000000,	3.130051757,	0,	0,	0,	0,	0;
206,	31.593655074,	120.776344946,	 17.770000000,	2.515134390,	0,	0,	0,	0,	0;
207,	31.593671134,	120.776379823,	 17.769000000,	2.486024336,	0,	0,	0,	0,	0;
208,	31.593686516,	120.776414712,	 17.799000000,	2.469029161,	0,	0,	0,	0,	0;
209,	31.593699120,	120.776449884,	 17.816000000,	2.371041332,	0,	0,	0,	0,	0;
210,	31.593707155,	120.776484426,	 17.842000000,	2.132023452,	0,	0,	0,	0,	0;
211,	31.593709343,	120.776516675,	 17.867000000,	1.998144139,	0,	0,	0,	0,	0;
212,	31.593703537,	120.776557767,	 17.867000000,	1.987012330,	0,	0,	0,	0,	0;
213,	31.593692279,	120.776587484,	 17.894000000,	2.140000234,	0,	0,	0,	0,	0;
214,	31.593675789,	120.776615806,	 17.883000000,	2.198003640,	0,	0,	0,	0,	0;
215,	31.593655177,	120.776641103,	 17.874000000,	2.252014210,	0,	0,	0,	0,	0;
216,	31.593630859,	120.776664506,	 17.836000000,	2.433016646,	0,	0,	0,	0,	0;
217,	31.593572501,	120.776714871,	 17.833000000,	2.913033642,	0,	0,	0,	0,	0;
218,	31.593448632,	120.776825647,	 17.923000000,	1.210000000,	0,	0,	0,	0,	0;
219,	31.593340992,	120.776923427,	 17.954000000,	1.092132318,	0,	0,	0,	0,	0;
220,	31.593236939,	120.777018545,	 18.031000000,	1.414000000,	0,	0,	0,	0,	0;
221,	31.593214078,	120.777039293,	 18.074000000,	1.791000279,	0,	0,	0,	0,	0;
222,	31.593185267,	120.777063783,	 18.077000000,	2.084040547,	0,	0,	0,	0,	0;
223,	31.593054383,	120.777167802,	 18.051000000,	2.453089888,	0,	0,	0,	0,	0;
224,	31.592967740,	120.777237097,	 18.044000000,	2.697089728,	0,	0,	0,	0,	0;
225,	31.592820109,	120.777368084,	 18.094000000,	2.866000698,	0,	0,	0,	0,	0;
226,	31.592688448,	120.777488566,	 18.174000000,	1.978042719,	0,	0,	0,	0,	0;
227,	31.592660051,	120.777512582,	 18.204000000,	1.969025393,	0,	0,	0,	0,	0;
228,	31.592636956,	120.777529583,	 18.255000000,	2.008048804,	0,	0,	0,	0,	0;
229,	31.592611945,	120.777542651,	 18.283000000,	1.981049469,	0,	0,	0,	0,	0;
230,	31.592577403,	120.777550580,	 18.296000000,	1.885165775,	0,	0,	0,	0,	0;
231,	31.592544590,	120.777548473,	 18.311000000,	1.806070873,	0,	0,	0,	0,	0;
232,	31.592513743,	120.777538793,	 18.299000000,	1.744041284,	0,	0,	0,	0,	0;
233,	31.592487195,	120.777521609,	 18.277000000,	1.640068596,	0,	0,	0,	0,	0;
234,	31.592465933,	120.777497133,	 18.244000000,	1.694000000,	0,	0,	0,	0,	0;
235,	31.592447687,	120.777466665,	 18.247000000,	1.875068265,	0,	0,	0,	0,	0;
236,	31.592361781,	120.777295422,	 18.259000000,	2.451089962,	0,	0,	0,	0,	0;
237,	31.592299474,	120.777174322,	 18.129000000,	2.060218435,	0,	0,	0,	0,	0;
238,	31.592284089,	120.777147489,	 18.053000000,	2.071150888,	0,	0,	0,	0,	0;
239,	31.592195671,	120.777008974,	 18.008000000,	2.110008531,	0,	0,	0,	0,	0;
240,	31.592178405,	120.776981689,	 17.974000000,	2.153002090,	0,	0,	0,	1,	0;
241,	31.592161642,	120.776953211,	 17.957000000,	2.187011203,	0,	0,	0,	1,	0;
242,	31.592145816,	120.776923830,	 17.943000000,	2.214027326,	0,	0,	0,	1,	0;
243,	31.592063234,	120.776759592,	 17.926000000,	2.668099136,	0,	0,	0,	1,	0;
244,	31.591975156,	120.776582466,	 17.993000000,	2.409100455,	0,	0,	0,	1,	0;
245,	31.591892224,	120.776417359,	 18.096000000,	2.339003420,	0,	0,	0,	1,	0;
246,	31.591859998,	120.776355362,	 18.122000000,	2.272022007,	0,	0,	0,	1,	0;
247,	31.591771812,	120.776201169,	 18.100000000,	2.390025314,	0,	0,	0,	1,	0;
248,	31.591754423,	120.776169312,	 18.134000000,	2.375041263,	0,	0,	0,	1,	0;
249,	31.591737988,	120.776137492,	 18.123000000,	1.334054841,	0,	0,	0,	1,	0;
250,	31.591665367,	120.775989726,	 18.155000000,	0.847036487,	0,	0,	0,	1,	0;
251,	31.591654902,	120.775968243,	 18.180000000,	0.358068429,	5,	0,	0,	0,	0;
252,	31.591600236,	120.775860771,	 18.209000000,	1.328121982,	0,	0,	0,	0,	0;
253,	31.591583776,	120.775831949,	 18.229000000,	1.381081460,	0,	0,	0,	0,	0;
254,	31.591565352,	120.775809659,	 18.258000000,	1.546104783,	0,	0,	0,	0,	0;
255,	31.591540696,	120.775792034,	 18.265000000,	1.573081371,	0,	0,	0,	0,	0;
256,	31.591513788,	120.775783231,	 18.275000000,	1.520001316,	0,	0,	0,	0,	0;
257,	31.591485929,	120.775783239,	 18.259000000,	1.616002785,	0,	0,	0,	0,	0;
258,	31.591457548,	120.775791081,	 18.235000000,	1.686000000,	0,	0,	0,	0,	0;
259,	31.591429278,	120.775805662,	 18.201000000,	1.794001115,	0,	0,	0,	0,	0;
260,	31.591400342,	120.775825344,	 18.177000000,	1.926000260,	0,	0,	0,	1,	0;
261,	31.591252498,	120.775941802,	 18.142000000,	1.907055727,	0,	0,	0,	1,	0;
262,	31.591123152,	120.776045778,	 18.007000000,	1.390000000,	0,	0,	0,	1,	0;
263,	31.590977362,	120.776173828,	 17.879000000,	1.390000000,	0,	0,	0,	1,	0;
264,	31.590831610,	120.776294795,	 17.853000000,	1.390000000,	0,	0,	0,	1,	0;
265,	31.590664469,	120.776425892,	 17.915000000,	1.390000000,	0,	0,	0,	1,	0;
266,	31.590493924,	120.776552788,	 17.870000000,	1.390000000,	0,	0,	0,	1,	0;
267,	31.590329643,	120.776676914,	 17.885000000,	1.390000000,	0,	0,	0,	1,	0;
268,	31.590197299,	120.776784520,	 18.017000000,	1.611025139,	0,	0,	0,	1,	0;
269,	31.590085698,	120.776876089,	 18.176000000,	2.083005475,	0,	0,	0,	0,	0;
270,	31.589960367,	120.776976062,	 18.288000000,	2.359030521,	0,	0,	0,	0,	0;
271,	31.589819571,	120.777089281,	 18.135000000,	2.887008486,	0,	0,	0,	0,	0;
272,	31.589635208,	120.777235823,	 18.001000000,	3.607001248,	0,	0,	0,	0,	0;
273,	31.589458679,	120.777380482,	 17.869000000,	4.318022696,	0,	0,	0,	0,	0;
274,	31.589294962,	120.777518944,	 17.909000000,	4.452028751,	0,	0,	0,	0,	0;
275,	31.589133001,	120.777649992,	 17.976000000,	4.573043735,	0,	0,	0,	0,	0;
276,	31.588958369,	120.777790257,	 18.126000000,	4.579039419,	0,	0,	0,	0,	0;
277,	31.588796309,	120.777921553,	 18.113000000,	4.171030688,	0,	0,	0,	0,	0;
278,	31.588727095,	120.777977955,	 18.152000000,	3.344005383,	0,	0,	0,	0,	0;
279,	31.588692701,	120.778007784,	 18.153000000,	2.981000000,	0,	0,	0,	0,	0;
280,	31.588575759,	120.778115996,	 18.100000000,	2.739014786,	0,	0,	0,	0,	0;
281,	31.588545218,	120.778142502,	 18.084000000,	2.847021250,	0,	0,	0,	0,	0;
282,	31.588409688,	120.778252017,	 17.952000000,	1.755048147,	0,	0,	0,	0,	0;
283,	31.588287444,	120.778349311,	 17.968000000,	1.993030356,	0,	0,	0,	0,	0;
284,	31.588264407,	120.778367901,	 17.936000000,	2.090046889,	0,	0,	0,	0,	0;
285,	31.588241899,	120.778388148,	 17.916000000,	2.103000951,	0,	0,	0,	0,	0;
286,	31.588220544,	120.778410639,	 17.900000000,	2.114000237,	0,	0,	0,	0,	0;
287,	31.588201712,	120.778434933,	 17.919000000,	2.050019756,	0,	0,	0,	0,	0;
288,	31.588185139,	120.778461329,	 17.931000000,	2.113005916,	0,	0,	0,	0,	0;
289,	31.588170790,	120.778489849,	 17.943000000,	2.067029269,	0,	0,	0,	0,	0;
290,	31.588159111,	120.778519229,	 17.949000000,	2.054000000,	0,	0,	0,	0,	0;
291,	31.588149545,	120.778550440,	 17.946000000,	2.183044892,	0,	0,	0,	0,	0;
292,	31.588142027,	120.778584718,	 17.941000000,	2.262079795,	0,	0,	0,	0,	0;
293,	31.588138223,	120.778620301,	 17.922000000,	2.278224747,	0,	0,	0,	0,	0;
294,	31.588140212,	120.778656450,	 17.883000000,	2.341359007,	0,	0,	0,	0,	0;
295,	31.588149926,	120.778693630,	 17.857000000,	2.608441680,	0,	0,	0,	0,	0;
296,	31.588167465,	120.778733264,	 17.858000000,	3.050331949,	0,	0,	0,	0,	0;
297,	31.588280036,	120.778939413,	 17.861000000,	4.521310651,	0,	0,	0,	0,	0;
298,	31.588401975,	120.779171961,	 17.870000000,	6.020467175,	0,	0,	0,	0,	0;
299,	31.588548450,	120.779457189,	 17.844000000,	6.221710135,	0,	0,	0,	0,	0;
300,	31.588688905,	120.779739082,	 17.820000000,	5.975321665,	0,	0,	0,	0,	0;
301,	31.588811581,	120.779973853,	 17.839000000,	4.534092743,	0,	0,	0,	0,	0;
302,	31.588925491,	120.780188369,	 17.862000000,	3.334043341,	0,	0,	0,	0,	0;
303,	31.589010435,	120.780346981,	 17.913000000,	2.950061186,	0,	0,	0,	0,	0;
304,	31.589131088,	120.780570406,	 17.963000000,	4.391013778,	0,	0,	0,	0,	0;
305,	31.589252891,	120.780786128,	 17.853000000,	5.595080428,	0,	0,	0,	0,	0;
306,	31.589411727,	120.781070713,	 17.858000000,	7.054131059,	0,	0,	0,	0,	0;
307,	31.589597540,	120.781417126,	 17.868000000,	8.327156177,	0,	0,	0,	0,	0;
308,	31.589803544,	120.781802435,	 17.833000000,	8.679377973,	0,	0,	0,	0,	0;
309,	31.590010674,	120.782194672,	 17.827000000,	8.685659100,	0,	0,	0,	0,	0;
310,	31.590211249,	120.782572544,	 17.811000000,	7.783543730,	0,	0,	0,	0,	0;
311,	31.590365542,	120.782864111,	 17.871000000,	5.396367760,	0,	0,	0,	0,	0;
312,	31.590479565,	120.783077711,	 17.863000000,	4.347157462,	0,	0,	0,	0,	0;
313,	31.590591546,	120.783288506,	 17.845000000,	3.564035915,	0,	0,	0,	0,	0;
314,	31.590656879,	120.783410481,	 17.847000000,	2.544086673,	0,	0,	0,	0,	0;
315,	31.590675151,	120.783441518,	 17.841000000,	2.265212131,	0,	0,	0,	0,	0;
316,	31.590695348,	120.783467483,	 17.855000000,	2.153195300,	0,	0,	0,	0,	0;
317,	31.590718121,	120.783488102,	 17.893000000,	2.070139126,	0,	0,	0,	0,	0;
318,	31.590742182,	120.783503240,	 17.938000000,	1.927149449,	0,	0,	0,	0,	0;
319,	31.590773816,	120.783514358,	 17.991000000,	1.776055179,	0,	0,	0,	0,	0;
320,	31.590806758,	120.783516848,	 17.986000000,	1.878076942,	0,	0,	0,	0,	0;
321,	31.590840673,	120.783510042,	 17.978000000,	1.935037209,	0,	0,	0,	0,	0;
322,	31.590873137,	120.783493886,	 17.975000000,	1.993072502,	0,	0,	0,	0,	0;
323,	31.590896297,	120.783477097,	 17.927000000,	2.036048133,	0,	0,	0,	0,	0;
324,	31.590917941,	120.783457479,	 17.929000000,	2.020006188,	0,	0,	0,	0,	0;
325,	31.590938627,	120.783436555,	 17.939000000,	2.020000000,	0,	0,	0,	0,	0;
326,	31.590958495,	120.783415101,	 17.932000000,	1.972064908,	0,	0,	0,	0,	0;
327,	31.590984374,	120.783385968,	 17.908000000,	2.002012238,	0,	0,	0,	0,	0;
328,	31.591084183,	120.783269367,	 17.925000000,	2.165092377,	0,	0,	0,	0,	0;
329,	31.591193246,	120.783143139,	 17.943000000,	2.292031413,	0,	0,	0,	0,	0;
330,	31.591301682,	120.783015907,	 18.013000000,	2.231002017,	0,	0,	0,	0,	0;
331,	31.591413334,	120.782886684,	 18.031000000,	2.416000828,	0,	0,	0,	0,	0;
332,	31.591531522,	120.782745277,	 18.049000000,	2.557007039,	0,	0,	0,	0,	0;
333,	31.591650600,	120.782602808,	 17.973000000,	1.555003131,	0,	0,	0,	0,	0;
334,	31.591721590,	120.782517945,	 17.969000000,	0.840000000,	0,	0,	0,	0,	0;
335,	31.591744223,	120.782488960,	 17.941000000,	0.840000000,	0,	0,	0,	0,	0;
336,	31.591765651,	120.782459711,	 17.908000000,	0.840000000,	0,	0,	0,	0,	1;
337,	31.591858188,	120.782319092,	 17.914000000,	0.840000000,	0,	0,	0,	0,	1;
338,	31.591872482,	120.782292859,	 17.886000000,	0.840000000,	0,	0,	0,	0,	1;
339,	31.591883213,	120.782262417,	 17.863000000,	0.840000000,	0,	0,	0,	0,	1;
340,	31.591886588,	120.782234179,	 17.835000000,	0.840000000,	0,	0,	0,	0,	1;
341,	31.591881539,	120.782206492,	 17.790000000,	0.840000000,	0,	0,	0,	0,	1;
342,	31.591867196,	120.782182670,	 18.006000000,	0.840000000,	0,	0,	0,	0,	1;
343,	31.591849090,	120.782161670,	 18.046000000,	0.840000000,	0,	0,	0,	0,	1;
344,	31.591831022,	120.782142371,	 18.103000000,	0.840000000,	0,	0,	0,	0,	1;
345,	31.591812733,	120.782121765,	 18.137000000,	0.840000000,	0,	0,	0,	0,	1;
346,	31.591796903,	120.782102516,	 18.116000000,	0.840000000,	0,	0,	0,	0,	1;
347,	31.591783496,	120.782084595,	 18.219000000,	0.840000000,	0,	0,	0,	0,	1;
348,	31.591770333,	120.782063304,	 18.190000000,	0.840000000,	0,	0,	0,	0,	1;
349,	31.591759450,	120.782039471,	 18.192000000,	0.840000000,	0,	0,	0,	0,	1;
350,	31.591753216,	120.782014528,	 18.154000000,	0.840000000,	0,	0,	0,	0,	1;
351,	31.591750185,	120.781985221,	 18.208000000,	0.840000000,	0,	0,	0,	0,	1;
352,	31.591751502,	120.781954009,	 18.188000000,	0.840000000,	0,	0,	0,	0,	1;
353,	31.591756465,	120.781924924,	 18.155000000,	0.840000000,	0,	0,	0,	0,	1;
354,	31.591764585,	120.781901864,	 18.185000000,	0.840000000,	0,	0,	0,	0,	1;
355,	31.591778565,	120.781879256,	 18.155000000,	0.840000000,	0,	0,	0,	0,	1;
356,	31.591797895,	120.781860281,	 18.084000000,	0.840000000,	0,	0,	0,	0,	1;
357,	31.591819069,	120.781849655,	 18.171000000,	0.840000000,	0,	0,	0,	0,	1;
358,	31.591843273,	120.781845297,	 18.155000000,	0.840000000,	0,	0,	0,	0,	1;
359,	31.591866028,	120.781843687,	 18.212000000,	0.840000000,	0,	0,	0,	0,	1;
360,	31.591887877,	120.781837507,	 18.198000000,	0.840000000,	0,	0,	0,	0,	1;
361,	31.591906321,	120.781822455,	 18.243000000,	0.840000000,	0,	0,	0,	0,	1;
362,	31.591917026,	120.781798704,	 18.262000000,	0.840000000,	0,	0,	0,	0,	1;
363,	31.591922063,	120.781769886,	 18.255000000,	0.840000000,	0,	0,	0,	0,	1;
364,	31.591923555,	120.781742527,	 18.216000000,	0.840000000,	0,	0,	0,	0,	1;
365,	31.591924243,	120.781716045,	 18.213000000,	0.840000000,	0,	0,	0,	0,	1;
366,	31.591927404,	120.781689430,	 18.172000000,	0.840000000,	0,	0,	0,	0,	1;
367,	31.591935600,	120.781664691,	 18.155000000,	0.840000000,	0,	0,	0,	0,	1;
368,	31.591949759,	120.781642858,	 18.137000000,	0.840000000,	0,	0,	0,	0,	1;
369,	31.591967988,	120.781625872,	 18.189000000,	0.840000000,	0,	0,	0,	0,	1;
370,	31.591991326,	120.781614106,	 18.180000000,	0.840000000,	0,	0,	0,	0,	1;
371,	31.592017354,	120.781610007,	 18.149000000,	0.840000000,	0,	0,	0,	0,	1;
372,	31.592041071,	120.781614507,	 18.234000000,	0.840000000,	0,	0,	0,	0,	1;
373,	31.592064399,	120.781623250,	 18.233000000,	0.840000000,	0,	0,	0,	0,	1;
374,	31.592114672,	120.781645671,	 18.379000000,	0.840000000,	0,	0,	0,	0,	1;
375,	31.592185314,	120.781679993,	 18.291000000,	0.840000000,	0,	0,	0,	0,	1;
376,	31.592207863,	120.781690218,	 18.303000000,	0.840000000,	0,	0,	0,	0,	1;
377,	31.592234622,	120.781700351,	 18.227000000,	0.840000000,	0,	0,	0,	0,	1;
378,	31.592264516,	120.781707119,	 18.165000000,	0.840000000,	0,	0,	0,	0,	1;
379,	31.592290104,	120.781709412,	 18.114000000,	0.840000000,	0,	0,	0,	0,	1;
380,	31.592317352,	120.781707531,	 18.133000000,	0.840000000,	0,	0,	0,	0,	1;
381,	31.592352337,	120.781696422,	 18.172000000,	0.840000000,	0,	0,	0,	0,	1;
382,	31.592382793,	120.781678048,	 18.184000000,	0.840000000,	0,	0,	0,	0,	1;
383,	31.592414980,	120.781650714,	 18.125000000,	0.840000000,	0,	0,	0,	0,	1;
384,	31.592445811,	120.781618719,	 18.106000000,	0.840000000,	0,	0,	0,	0,	1;
385,	31.592476319,	120.781582662,	 18.102000000,	2.365042942,	0,	0,	0,	0,	0;
386,	31.592632030,	120.781378250,	 17.999000000,	4.114000391,	0,	0,	0,	0,	0;
387,	31.592796724,	120.781155250,	 17.990000000,	6.003000333,	0,	0,	0,	0,	0;
388,	31.592981547,	120.780904832,	 17.972000000,	6.427079663,	0,	0,	0,	0,	0;
389,	31.593168313,	120.780653025,	 17.983000000,	5.981016385,	0,	0,	0,	0,	0;
390,	31.593322145,	120.780432792,	 18.069000000,	4.764065596,	0,	0,	0,	0,	0;
391,	31.593394991,	120.780320719,	 18.092000000,	4.251270986,	0,	0,	0,	0,	0;
392,	31.593519654,	120.780142622,	 18.214000000,	2.692036404,	0,	0,	0,	0,	0;
393,	31.593541009,	120.780111833,	 18.241000000,	2.320077800,	0,	0,	0,	0,	0;
394,	31.593560512,	120.780084859,	 18.244000000,	2.183003665,	0,	0,	0,	0,	0;
395,	31.593578363,	120.780057937,	 18.281000000,	2.103115071,	0,	0,	0,	0,	0;
396,	31.593592914,	120.780028303,	 18.288000000,	2.228108615,	0,	0,	0,	0,	0;
397,	31.593603362,	120.779993153,	 18.279000000,	2.420010124,	0,	0,	0,	0,	0;
398,	31.593608658,	120.779954051,	 18.275000000,	2.552033111,	0,	0,	0,	0,	0;
399,	31.593608731,	120.779913064,	 18.244000000,	2.622037376,	0,	0,	0,	0,	0;
400,	31.593604225,	120.779871892,	 18.193000000,	2.570000778,	0,	0,	0,	0,	0;
401,	31.593596022,	120.779832428,	 18.177000000,	2.558003127,	0,	0,	0,	0,	0;
402,	31.593584674,	120.779793863,	 18.157000000,	2.622000000,	0,	0,	0,	0,	0;
403,	31.593569571,	120.779753898,	 18.098000000,	2.927033481,	0,	0,	0,	0,	0;
404,	31.593549614,	120.779710417,	 18.109000000,	3.366029115,	0,	0,	0,	0,	0;
405,	31.593443117,	120.779496286,	 18.008000000,	4.723000106,	0,	0,	0,	0,	0;
406,	31.593420837,	120.779453099,	 17.987000000,	4.812000104,	0,	0,	0,	0,	0;
407,	31.593304636,	120.779237309,	 17.972000000,	5.131002436,	0,	0,	0,	0,	0;
408,	31.593173152,	120.778977947,	 17.991000000,	6.049004050,	0,	0,	0,	0,	0;
409,	31.593038268,	120.778711682,	 18.092000000,	5.647025589,	0,	0,	0,	0,	0;
410,	31.592941559,	120.778520986,	 18.261000000,	4.830000932,	0,	0,	0,	0,	0;
411,	31.592918538,	120.778479231,	 18.270000000,	4.627000432,	0,	0,	0,	0,	0;
412,	31.592895569,	120.778440397,	 18.291000000,	4.443001013,	0,	0,	0,	0,	0;
413,	31.592826531,	120.778334157,	 18.381000000,	4.108000122,	0,	0,	0,	0,	0;
414,	31.592804704,	120.778299298,	 18.412000000,	4.142023660,	0,	0,	0,	0,	0;
415,	31.592783830,	120.778263008,	 18.446000000,	4.172014501,	0,	0,	0,	0,	0;
416,	31.592764337,	120.778225673,	 18.452000000,	4.114003038,	0,	0,	0,	0,	0;
417,	31.592670387,	120.778034860,	 18.478000000,	2.119085180,	0,	0,	0,	0,	0;
418,	31.592656791,	120.778007531,	 18.478000000,	1.916026096,	0,	0,	0,	0,	0;
419,	31.592637504,	120.777971101,	 18.436000000,	2.227163667,	0,	0,	0,	0,	0;
420,	31.592617572,	120.777941264,	 18.446000000,	2.590049420,	0,	0,	0,	0,	0;
421,	31.592591128,	120.777909526,	 18.456000000,	2.979088787,	0,	0,	0,	0,	0;
422,	31.592559520,	120.777879500,	 18.442000000,	3.020111918,	0,	0,	0,	0,	0;
423,	31.592525661,	120.777854263,	 18.431000000,	3.001130620,	0,	0,	0,	0,	0;
424,	31.592489530,	120.777832789,	 18.422000000,	2.939097991,	0,	0,	0,	0,	0;
425,	31.592454502,	120.777816496,	 18.418000000,	2.630092014,	0,	0,	0,	0,	0;
426,	31.592422077,	120.777806408,	 18.360000000,	2.327113663,	0,	0,	0,	0,	0;
427,	31.592391630,	120.777802707,	 18.318000000,	2.266137904,	0,	0,	0,	0,	0;
428,	31.592360728,	120.777805645,	 18.266000000,	2.346167087,	0,	0,	0,	0,	0;
429,	31.592329390,	120.777816312,	 18.212000000,	3.170000000,	0,	0,	0,	0,	0;
430,	31.592297069,	120.777835376,	 18.118000000,	4.170000000,	0,	0,	0,	0,	0;
431,	31.592189895,	120.777918497,	 18.014000000,	4.170000000,	0,	0,	0,	0,	0;
432,	31.592003408,	120.778076735,	 17.963000000,	4.170000000,	0,	0,	0,	0,	0;
433,	31.591863334,	120.778194537,	 17.889000000,	4.170000000,	0,	0,	0,	0,	0;
434,	31.591835834,	120.778218853,	 17.862000000,	4.170000000,	0,	0,	0,	0,	0;
435,	31.591808548,	120.778244312,	 17.841000000,	3.170000000,	0,	0,	0,	0,	0;
436,	31.591697072,	120.778353501,	 17.772000000,	2.816000710,	0,	0,	0,	0,	0;
437,	31.591667055,	120.778380912,	 17.799000000,	2.773000180,	0,	0,	0,	0,	0;
438,	31.591497395,	120.778524924,	 18.023000000,	3.510032051,	0,	0,	0,	0,	0;
439,	31.591323511,	120.778668047,	 18.060000000,	2.286000875,	0,	0,	0,	0,	0;
440,	31.591201671,	120.778767044,	 18.150000000,	1.763000284,	0,	0,	0,	0,	0;
441,	31.591033334,	120.778898967,	 18.361000000,	3.589020061,	0,	0,	0,	0,	0;
442,	31.590836193,	120.779047782,	 18.232000000,	4.256005757,	0,	0,	0,	0,	0;
443,	31.590645332,	120.779199547,	 18.027000000,	5.840008562,	0,	0,	0,	0,	0;
444,	31.590424776,	120.779378518,	 17.892000000,	5.897010259,	0,	0,	0,	0,	0;
445,	31.590203274,	120.779553144,	 17.816000000,	5.772067914,	0,	0,	0,	0,	0;
446,	31.590039951,	120.779681829,	 17.896000000,	5.169031341,	0,	0,	0,	0,	0;
447,	31.589858953,	120.779810447,	 17.952000000,	4.232017013,	0,	0,	0,	0,	0;
448,	31.589666214,	120.779946617,	 17.894000000,	3.378042777,	0,	0,	0,	0,	0;
449,	31.589493279,	120.780083361,	 17.887000000,	2.918006169,	0,	0,	0,	0,	0;
450,	31.589361373,	120.780189378,	 17.814000000,	1.742002583,	0,	0,	0,	0,	0;
451,	31.589335725,	120.780209435,	 17.828000000,	1.720023546,	0,	0,	0,	0,	0;
452,	31.589311453,	120.780226772,	 17.840000000,	1.504026928,	0,	0,	0,	0,	0;
453,	31.589286762,	120.780240643,	 17.874000000,	1.584000316,	0,	0,	0,	0,	0;
454,	31.589257902,	120.780250199,	 17.851000000,	1.672036184,	0,	0,	0,	0,	0;
455,	31.589228648,	120.780254233,	 17.859000000,	1.593031387,	0,	0,	0,	0,	0;
456,	31.589200103,	120.780251984,	 17.858000000,	1.543008101,	0,	0,	0,	0,	0;
457,	31.589172806,	120.780242340,	 17.841000000,	1.629001228,	0,	0,	0,	0,	0;
458,	31.589147142,	120.780224627,	 17.824000000,	1.749007147,	0,	0,	0,	0,	0;
459,	31.589121729,	120.780196232,	 17.826000000,	2.210073302,	0,	0,	0,	0,	0;
460,	31.589102065,	120.780164164,	 17.827000000,	2.795045796,	0,	0,	0,	0,	0;
461,	31.588989925,	120.779953483,	 17.844000000,	5.052028602,	0,	0,	0,	0,	0;
462,	31.588850901,	120.779694358,	 17.822000000,	6.407011238,	0,	0,	0,	0,	0;
463,	31.588695029,	120.779399082,	 17.868000000,	6.666003675,	0,	0,	0,	0,	0;
464,	31.588544444,	120.779112751,	 17.969000000,	6.111006627,	0,	0,	0,	0,	0;
465,	31.588408638,	120.778856516,	 17.938000000,	5.108006265,	0,	0,	0,	0,	0;
466,	31.588297681,	120.778651388,	 17.920000000,	2.248043594,	0,	0,	0,	0,	0;
467,	31.588202167,	120.778471255,	 17.954000000,	4.049004446,	0,	0,	0,	0,	0;
468,	31.588092245,	120.778263510,	 17.836000000,	5.341011327,	0,	0,	0,	0,	0;
469,	31.587948173,	120.777994501,	 17.803000000,	6.627012751,	0,	0,	0,	0,	0;
470,	31.587785972,	120.777685802,	 17.706000000,	4.182000627,	0,	0,	0,	0,	0;
471,	31.587635456,	120.777394056,	 17.739000000,	2.472005848,	0,	0,	0,	0,	0;
472,	31.587521287,	120.777169875,	 17.794000000,	1.097001251,	0,	0,	0,	0,	0;
473,	31.587431199,	120.776994907,	 17.820000000,	0.573000873,	5,	0,	0,	0,	0;
474,	31.587334324,	120.776806854,	 17.902000000,	4.568021454,	0,	0,	0,	0,	0;
475,	31.587217761,	120.776576332,	 17.870000000,	5.689000000,	0,	0,	0,	0,	0;
476,	31.587076208,	120.776283135,	 17.770000000,	6.780018879,	0,	0,	0,	0,	0;
477,	31.586923782,	120.775960250,	 17.682000000,	7.155027952,	0,	0,	0,	0,	0;
478,	31.586770963,	120.775617221,	 17.694000000,	7.543076627,	0,	0,	0,	0,	0;
479,	31.586613155,	120.775258918,	 17.711000000,	7.894082087,	0,	0,	0,	0,	0;
480,	31.586469801,	120.774910692,	 17.734000000,	6.626245166,	0,	0,	0,	0,	0;
481,	31.586355812,	120.774632156,	 17.756000000,	4.849300671,	0,	0,	0,	0,	0;
482,	31.586267716,	120.774420079,	 17.851000000,	3.192114190,	0,	0,	0,	0,	0;
483,	31.586151493,	120.774149009,	 17.804000000,	7.001151120,	0,	0,	0,	0,	0;
484,	31.586009189,	120.773800660,	 17.795000000,	7.528549993,	0,	0,	0,	0,	0;
485,	31.585859925,	120.773426517,	 17.767000000,	8.015461372,	0,	0,	0,	0,	0;
486,	31.585719130,	120.773084458,	 17.759000000,	5.534159376,	0,	0,	0,	0,	0;
487,	31.585619671,	120.772840729,	 17.707000000,	5.375067814,	0,	0,	0,	0,	0;
488,	31.585504165,	120.772555049,	 17.740000000,	6.467136383,	0,	0,	0,	0,	0;
489,	31.585384107,	120.772250979,	 17.730000000,	6.268296818,	0,	0,	0,	0,	0;
490,	31.585268450,	120.771951536,	 17.610000000,	6.023079777,	0,	0,	0,	0,	0;
491,	31.585155947,	120.771673447,	 17.694000000,	5.077165548,	0,	0,	0,	0,	0;
492,	31.585053871,	120.771430504,	 17.759000000,	4.799045947,	0,	0,	0,	0,	0;
493,	31.584944440,	120.771165371,	 17.748000000,	6.026224357,	0,	0,	0,	0,	0;
494,	31.584828936,	120.770878107,	 17.937000000,	5.931283588,	0,	0,	0,	0,	0;
495,	31.584718719,	120.770599806,	 18.215000000,	5.759191784,	0,	0,	0,	0,	0;
496,	31.584618389,	120.770348470,	 18.513000000,	2.749307002,	0,	0,	0,	0,	0;
497,	31.584527672,	120.770124337,	 18.808000000,	1.249307002,	0,	0,	0,	0,	0;
498,	31.584454314,	120.769945821,	 19.361000000,	0.847013667,	5,	0,	0,	0,	0;
499,	31.584365913,	120.769738774,	 19.895000000,	2.272514018,	0,	0,	0,	0,	0;
500,	31.584277743,	120.769527341,	 20.341000000,	1.928153684,	0,	0,	0,	0,	0;
501,	31.584210170,	120.769364948,	 20.595000000,	0.847013667,	5,	0,	0,	0,	0;
502,	31.584195918,	120.769335460,	 20.688000000,	1.862060418,	0,	0,	0,	0,	0;
503,	31.584174251,	120.769299803,	 20.781000000,	2.276116210,	0,	0,	0,	0,	0;
504,	31.584151139,	120.769272550,	 20.877000000,	2.577085563,	0,	0,	0,	0,	0;
505,	31.584121356,	120.769249225,	 20.956000000,	2.735307295,	0,	0,	0,	0,	0;
506,	31.584085272,	120.769232221,	 21.044000000,	2.994048263,	0,	0,	0,	0,	0;
507,	31.584043859,	120.769221788,	 21.092000000,	3.265221126,	0,	0,	0,	0,	0;
508,	31.583998036,	120.769216628,	 21.172000000,	3.555441042,	0,	0,	0,	0,	0;
509,	31.583947990,	120.769217381,	 21.158000000,	3.872056947,	0,	0,	0,	0,	0;
510,	31.583893720,	120.769226802,	 21.128000000,	4.226062588,	0,	0,	0,	0,	0;
511,	31.583856258,	120.769238930,	 21.128000000,	4.394022303,	0,	0,	0,	0,	0;
512,	31.583818101,	120.769256242,	 21.139000000,	4.682010679,	0,	0,	0,	0,	0;
513,	31.583778453,	120.769278087,	 21.148000000,	5.048001585,	0,	0,	0,	0,	0;
514,	31.583537328,	120.769433028,	 21.114000000,	7.138005674,	0,	0,	0,	0,	0;
515,	31.583235685,	120.769637192,	 21.175000000,	8.472000944,	0,	0,	0,	0,	0;
516,	31.582882518,	120.769872249,	 21.156000000,	9.382036026,	0,	0,	0,	0,	0;
517,	31.582510049,	120.770120011,	 21.173000000,	9.737118311,	0,	0,	0,	0,	0;
518,	31.582113632,	120.770383932,	 21.232000000,	10.390019249,	0,	0,	0,	0,	0;
519,	31.581699132,	120.770657858,	 21.308000000,	11.064021873,	0,	0,	0,	0,	0;
520,	31.581257308,	120.770953913,	 21.319000000,	11.331138381,	0,	0,	0,	0,	0;
521,	31.580815335,	120.771246387,	 21.347000000,	11.155189375,	0,	0,	0,	0,	0;
522,	31.580389823,	120.771529327,	 21.317000000,	10.678152134,	0,	0,	0,	0,	0;
523,	31.579975944,	120.771805282,	 21.394000000,	10.430115100,	0,	0,	0,	0,	0;
524,	31.579568610,	120.772074328,	 21.473000000,	10.333055937,	0,	0,	0,	0,	0;
525,	31.579172649,	120.772338733,	 21.517000000,	9.947005027,	0,	0,	0,	0,	0;
526,	31.578783623,	120.772598070,	 21.557000000,	9.863018301,	0,	0,	0,	0,	0;
527,	31.578403532,	120.772852273,	 21.615000000,	9.643014985,	0,	0,	0,	0,	0;
528,	31.578017380,	120.773109206,	 21.700000000,	10.123014274,	0,	0,	0,	0,	0;
529,	31.577611866,	120.773379844,	 21.749000000,	10.556022925,	0,	0,	0,	0,	0;
530,	31.577198285,	120.773653794,	 21.825000000,	10.434017299,	0,	0,	0,	0,	0;
531,	31.576797831,	120.773920784,	 21.812000000,	10.243002392,	0,	0,	0,	0,	0;
532,	31.576390061,	120.774190232,	 21.739000000,	10.474003867,	0,	0,	0,	0,	0;
533,	31.575978868,	120.774464722,	 21.727000000,	10.431012271,	0,	0,	0,	0,	0;
534,	31.575563244,	120.774740478,	 21.696000000,	10.798011854,	0,	0,	0,	0,	0;
535,	31.575133229,	120.775027131,	 21.625000000,	11.016028368,	0,	0,	0,	0,	0;
536,	31.574702103,	120.775312022,	 21.550000000,	11.061043441,	0,	0,	0,	0,	0;
537,	31.574268641,	120.775600426,	 21.412000000,	11.069002891,	0,	0,	0,	0,	0;
538,	31.573832446,	120.775889614,	 21.331000000,	11.126017976,	0,	0,	0,	0,	0;
539,	31.573403036,	120.776175005,	 21.211000000,	10.808056671,	0,	0,	0,	0,	0;
540,	31.572989450,	120.776450414,	 21.139000000,	10.430065628,	0,	0,	0,	0,	0;
541,	31.572585838,	120.776716672,	 21.217000000,	10.242082064,	0,	0,	0,	0,	0;
542,	31.572181977,	120.776978879,	 21.126000000,	10.258040992,	0,	0,	0,	0,	0;
543,	31.571776315,	120.777231611,	 21.111000000,	10.053071819,	0,	0,	0,	0,	0;
544,	31.571383047,	120.777467931,	 20.989000000,	9.745007388,	0,	0,	0,	0,	0;
545,	31.570980996,	120.777694706,	 20.915000000,	10.057006016,	0,	0,	0,	0,	0;
546,	31.570561488,	120.777915647,	 20.656000000,	10.262014081,	0,	0,	0,	0,	0;
547,	31.570141059,	120.778119537,	 20.768000000,	10.055044754,	0,	0,	0,	0,	0;
548,	31.569722794,	120.778305938,	 20.759000000,	9.734144287,	0,	0,	0,	0,	0;
549,	31.569304894,	120.778475745,	 20.691000000,	9.707224372,	0,	0,	0,	0,	0;
550,	31.568892988,	120.778627803,	 20.644000000,	9.399204488,	0,	0,	0,	0,	0;
551,	31.568494794,	120.778764251,	 20.523000000,	9.050143701,	0,	0,	0,	0,	0;
552,	31.568095766,	120.778886270,	 20.338000000,	9.168159030,	0,	0,	0,	0,	0;
553,	31.567697353,	120.778994636,	 20.107000000,	8.941047030,	0,	0,	0,	0,	0;
554,	31.567312754,	120.779086164,	 19.709000000,	8.360019378,	0,	0,	0,	0,	0;
555,	31.566972071,	120.779158410,	 19.511000000,	7.250013517,	0,	0,	0,	0,	0;
556,	31.566672294,	120.779220759,	 19.435000000,	6.441056590,	0,	0,	0,	0,	0;
557,	31.566382645,	120.779290730,	 19.250000000,	6.665036309,	0,	0,	0,	0,	0;
558,	31.566323465,	120.779303079,	 19.243000000,	6.635030143,	0,	0,	0,	0,	0;
559,	31.566264738,	120.779313803,	 19.243000000,	6.515047966,	0,	0,	0,	0,	0;
560,	31.565979447,	120.779353529,	 19.276000000,	5.976003012,	0,	0,	0,	0,	0;
561,	31.565746481,	120.779383874,	 19.259000000,	3.549003522,	0,	0,	0,	0,	0;
562,	31.565599579,	120.779407368,	 19.253000000,	3.933021485,	0,	0,	0,	0,	0;
563,	31.565545939,	120.779414188,	 19.241000000,	2.593018032,	0,	0,	0,	0,	0;
564,	31.565363082,	120.779429271,	 19.208000000,	1.285004517,	0,	0,	0,	0,	0;
565,	31.565173431,	120.779443324,	 19.178000000,	0.840074998,	5,	0,	0,	0,	0;
566,	31.565131712,	120.779443582,	 19.126000000,	2.543038537,	0,	0,	0,	0,	0;
567,	31.565107583,	120.779447024,	 19.114000000,	2.881002777,	0,	0,	0,	0,	0;
568,	31.565080341,	120.779453611,	 19.109000000,	3.260039264,	0,	0,	0,	0,	0;
569,	31.565056559,	120.779461681,	 19.103000000,	3.535183305,	0,	0,	0,	0,	0;
570,	31.565031801,	120.779472913,	 19.106000000,	3.792243795,	0,	0,	0,	0,	0;
571,	31.565006854,	120.779488530,	 19.145000000,	3.975163016,	0,	0,	0,	0,	0;
572,	31.564984023,	120.779507277,	 19.179000000,	3.670251899,	0,	0,	0,	0,	0;
573,	31.564966526,	120.779525356,	 19.204000000,	2.834180658,	0,	0,	0,	0,	0;
574,	31.564951451,	120.779544094,	 19.237000000,	2.117124937,	0,	0,	0,	0,	0;
575,	31.564936820,	120.779565390,	 19.279000000,	1.434042189,	0,	0,	0,	0,	0;
576,	31.564925365,	120.779584823,	 19.327000000,	1.826029660,	0,	0,	0,	0,	0;
577,	31.564913736,	120.779607893,	 19.358000000,	1.886032078,	0,	0,	0,	0,	0;
578,	31.564902947,	120.779634939,	 19.340000000,	2.157000000,	0,	0,	0,	0,	0;
579,	31.564894920,	120.779663720,	 19.317000000,	2.626032178,	0,	0,	0,	0,	0;
580,	31.564890170,	120.779692092,	 19.277000000,	2.884505504,	0,	0,	0,	0,	0;
581,	31.564887470,	120.779723829,	 19.257000000,	3.176132396,	0,	0,	0,	0,	0;
582,	31.564885590,	120.779759152,	 19.231000000,	3.541237354,	0,	0,	0,	0,	0;
583,	31.564882318,	120.779855298,	 19.168000000,	5.560000000,	0,	0,	0,	0,	0;
584,	31.564872426,	120.780038960,	 19.077000000,	5.560000000,	0,	0,	0,	0,	0;
585,	31.564868472,	120.780235129,	 18.927000000,	5.560000000,	0,	0,	0,	0,	0;
586,	31.564859795,	120.780407848,	 18.903000000,	5.560000000,	0,	0,	0,	0,	0;
587,	31.564848163,	120.780577937,	 18.900000000,	5.560000000,	0,	0,	0,	0,	0;
588,	31.564836169,	120.780756876,	 18.868000000,	5.560000000,	0,	0,	0,	0,	0;
589,	31.564823357,	120.780940198,	 18.831000000,	5.560000000,	0,	0,	0,	0,	0;
590,	31.564812338,	120.781124715,	 18.856000000,	5.560000000,	0,	0,	0,	0,	0;
591,	31.564804019,	120.781306484,	 18.832000000,	5.560000000,	0,	0,	0,	0,	0;
592,	31.564796362,	120.781480965,	 18.904000000,	5.560000000,	0,	0,	0,	0,	0;
593,	31.564789912,	120.781657585,	 18.922000000,	5.560000000,	0,	0,	0,	0,	0;
594,	31.564788265,	120.781848725,	 18.811000000,	5.560000000,	0,	0,	0,	0,	0;
595,	31.564785091,	120.782018446,	 18.912000000,	5.560000000,	0,	0,	0,	0,	0;
596,	31.564783259,	120.782195163,	 18.951000000,	5.560000000,	0,	0,	0,	0,	0;
597,	31.564784718,	120.782379392,	 18.941000000,	5.560000000,	0,	0,	0,	0,	0;
598,	31.564785530,	120.782564433,	 18.964000000,	5.560000000,	0,	0,	0,	0,	0;
599,	31.564784831,	120.782735090,	 19.029000000,	5.560000000,	0,	0,	0,	0,	0;
600,	31.564786173,	120.782916906,	 19.144000000,	5.560000000,	0,	0,	0,	0,	0;
601,	31.564790167,	120.783099766,	 19.250000000,	5.560000000,	0,	0,	0,	0,	0;
602,	31.564791176,	120.783282082,	 19.404000000,	5.560000000,	0,	0,	0,	0,	0;
603,	31.564792683,	120.783464372,	 19.629000000,	5.560000000,	0,	0,	0,	0,	0;
604,	31.564793550,	120.783638152,	 19.803000000,	5.560000000,	0,	0,	0,	0,	0;
605,	31.564793760,	120.783811656,	 19.985000000,	5.560000000,	0,	0,	0,	0,	0;
606,	31.564795047,	120.783980905,	 20.239000000,	5.560000000,	0,	0,	0,	0,	0;
607,	31.564797399,	120.784168207,	 20.592000000,	5.560000000,	0,	0,	0,	0,	0;
608,	31.564797615,	120.784339174,	 20.578000000,	5.560000000,	0,	0,	0,	0,	0;
609,	31.564797555,	120.784533999,	 20.542000000,	5.560000000,	0,	0,	0,	0,	0;
610,	31.564799028,	120.784712104,	 20.204000000,	5.560000000,	0,	0,	0,	0,	0;
611,	31.564798103,	120.784833233,	 19.986000000,	5.560000000,	0,	0,	0,	0,	0;
612,	31.564799821,	120.784973605,	 19.763000000,	5.560000000,	0,	0,	0,	0,	0;
613,	31.564800864,	120.785100667,	 19.529000000,	5.560000000,	0,	0,	0,	0,	0;
614,	31.564801551,	120.785226771,	 19.369000000,	5.560000000,	0,	0,	0,	0,	0;
615,	31.564802864,	120.785363995,	 19.088000000,	5.560000000,	0,	0,	0,	0,	0;
616,	31.564803008,	120.785527779,	 18.864000000,	5.560000000,	0,	0,	0,	0,	0;
617,	31.564803995,	120.785706680,	 18.675000000,	5.560000000,	0,	0,	0,	0,	0;
618,	31.564804910,	120.785891233,	 18.513000000,	5.560000000,	0,	0,	0,	0,	0;
619,	31.564806472,	120.786066937,	 18.456000000,	5.560000000,	0,	0,	0,	0,	0;
620,	31.564806264,	120.786232149,	 18.434000000,	5.560000000,	0,	0,	0,	0,	0;
621,	31.564806546,	120.786284288,	 18.418000000,	5.560000000,	0,	0,	0,	0,	0;
622,	31.564807669,	120.786309046,	 18.309000000,	5.560000000,	0,	0,	0,	0,	0;
623,	31.564809409,	120.786440742,	 18.330000000,	5.560000000,	0,	0,	0,	0,	0;
624,	31.564809447,	120.786513840,	 18.284000000,	5.560000000,	0,	0,	0,	0,	0;
625,	31.564810125,	120.786539912,	 18.271000000,	5.560000000,	0,	0,	0,	0,	0;
626,	31.564810550,	120.786693437,	 18.449000000,	5.560000000,	0,	0,	0,	0,	0;
627,	31.564811775,	120.786826039,	 18.488000000,	5.560000000,	0,	0,	0,	0,	0;
628,	31.564811812,	120.786897530,	 18.437000000,	5.560000000,	0,	0,	0,	0,	0;
629,	31.564812642,	120.787022971,	 18.401000000,	5.560000000,	0,	0,	0,	0,	0;
630,	31.564813289,	120.787147725,	 18.430000000,	5.560000000,	0,	0,	0,	0,	0;
631,	31.564814674,	120.787279322,	 18.431000000,	5.560000000,	0,	0,	0,	0,	0;
632,	31.564816189,	120.787407503,	 18.448000000,	5.560000000,	0,	0,	0,	0,	0;
633,	31.564816085,	120.787550318,	 18.476000000,	5.560000000,	0,	0,	0,	0,	0;
634,	31.564816583,	120.787700422,	 18.508000000,	5.560000000,	0,	0,	0,	0,	0;
635,	31.564818596,	120.787849943,	 18.574000000,	5.560000000,	0,	0,	0,	0,	0;
636,	31.564822090,	120.788004928,	 18.572000000,	5.560000000,	0,	0,	0,	0,	0;
637,	31.564827505,	120.788176448,	 18.583000000,	5.560000000,	0,	0,	0,	0,	0;
638,	31.564836805,	120.788325756,	 18.598000000,	5.560000000,	0,	0,	0,	0,	0;
639,	31.564844621,	120.788399962,	 18.656000000,	5.560000000,	0,	0,	0,	0,	0;
640,	31.564847538,	120.788423489,	 18.638000000,	5.560000000,	0,	0,	0,	0,	0;
641,	31.564850055,	120.788446757,	 18.630000000,	5.560000000,	0,	0,	0,	0,	0;
642,	31.564866688,	120.788560355,	 18.633000000,	5.560000000,	0,	0,	0,	0,	0;
643,	31.564885317,	120.788677106,	 18.510000000,	5.560000000,	0,	0,	0,	0,	0;
644,	31.564893797,	120.788721916,	 18.541000000,	5.560000000,	0,	0,	0,	0,	0;
645,	31.564908040,	120.788790660,	 18.539000000,	5.560000000,	0,	0,	0,	0,	0;
646,	31.564918345,	120.788837262,	 18.610000000,	5.560000000,	0,	0,	0,	0,	0;
647,	31.564944060,	120.788940618,	 18.626000000,	5.560000000,	0,	0,	0,	0,	0;
648,	31.564982388,	120.789070645,	 18.589000000,	5.560000000,	0,	0,	0,	0,	0;
649,	31.565013719,	120.789170642,	 18.665000000,	5.560000000,	0,	0,	0,	0,	0;
650,	31.565037729,	120.789240970,	 18.674000000,	5.560000000,	0,	0,	0,	0,	0;
651,	31.565045692,	120.789261640,	 18.678000000,	5.560000000,	0,	0,	0,	0,	0;
652,	31.565054489,	120.789286226,	 18.675000000,	5.560000000,	0,	0,	0,	0,	0;
653,	31.565097499,	120.789398646,	 18.804000000,	5.560000000,	0,	0,	0,	0,	0;
654,	31.565141934,	120.789514048,	 18.771000000,	5.560000000,	0,	0,	0,	0,	0;
655,	31.565178734,	120.789605524,	 18.611000000,	5.560000000,	0,	0,	0,	0,	0;
656,	31.565187526,	120.789625289,	 18.631000000,	5.560000000,	0,	0,	0,	0,	0;
657,	31.565203750,	120.789664820,	 18.746000000,	5.560000000,	0,	0,	0,	0,	0;
658,	31.565212458,	120.789687629,	 18.758000000,	5.560000000,	0,	0,	0,	0,	0;
659,	31.565258422,	120.789805133,	 18.779000000,	5.560000000,	0,	0,	0,	0,	0;
660,	31.565266743,	120.789826446,	 18.710000000,	5.560000000,	0,	0,	0,	0,	0;
661,	31.565311467,	120.789935028,	 18.661000000,	5.560000000,	0,	0,	0,	0,	0;
662,	31.565336213,	120.789997499,	 18.654000000,	5.560000000,	0,	0,	0,	0,	0;
663,	31.565379424,	120.790103371,	 18.755000000,	5.560000000,	0,	0,	0,	0,	0;
664,	31.565414691,	120.790189174,	 18.734000000,	5.560000000,	0,	0,	0,	0,	0;
665,	31.565440079,	120.790253514,	 18.781000000,	5.560000000,	0,	0,	0,	0,	0;
666,	31.565457954,	120.790295718,	 18.868000000,	5.560000000,	0,	0,	0,	0,	0;
667,	31.565499621,	120.790403072,	 18.778000000,	5.560000000,	0,	0,	0,	0,	0;
668,	31.565532603,	120.790486350,	 18.729000000,	5.560000000,	0,	0,	0,	0,	0;
669,	31.565564450,	120.790570365,	 18.712000000,	5.560000000,	0,	0,	0,	0,	0;
670,	31.565581344,	120.790610808,	 18.777000000,	5.560000000,	0,	0,	0,	0,	0;
671,	31.565598284,	120.790652832,	 18.799000000,	5.560000000,	0,	0,	0,	0,	0;
672,	31.565626638,	120.790717942,	 18.813000000,	5.560000000,	0,	0,	0,	0,	0;
673,	31.565652298,	120.790787731,	 18.697000000,	5.560000000,	0,	0,	0,	0,	0;
674,	31.565686752,	120.790876682,	 18.527000000,	5.560000000,	0,	0,	0,	0,	0;
675,	31.565722543,	120.790961604,	 18.689000000,	3.560000000,	0,	0,	0,	0,	0;
676,	31.565747329,	120.791024676,	 18.620000000,	1.390000000,	0,	0,	0,	0,	0;
677,	31.565791636,	120.791134152,	 18.611000000,	1.390000000,	0,	0,	0,	0,	0;
678,	31.565800362,	120.791156096,	 18.641000000,	1.390000000,	0,	0,	0,	0,	0;
679,	31.565809349,	120.791176850,	 18.672000000,	1.390000000,	0,	0,	0,	0,	0;
680,	31.565842283,	120.791261752,	 18.732000000,	1.390000000,	0,	0,	0,	0,	0;
681,	31.565860286,	120.791305830,	 18.833000000,	1.390000000,	0,	0,	0,	0,	0;
682,	31.565903357,	120.791413876,	 18.829000000,	1.390000000,	0,	0,	0,	0,	0;
683,	31.565920712,	120.791456754,	 18.785000000,	1.390000000,	0,	0,	0,	0,	0;
684,	31.565929238,	120.791476224,	 18.823000000,	1.390000000,	0,	0,	0,	0,	0;
685,	31.565937217,	120.791497140,	 18.868000000,	1.390000000,	0,	0,	0,	0,	0;
686,	31.565946084,	120.791517573,	 18.866000000,	1.390000000,	0,	0,	0,	0,	0;
687,	31.565957935,	120.791539159,	 18.891000000,	1.390000000,	0,	0,	0,	0,	0;
688,	31.565974194,	120.791557070,	 18.874000000,	1.390000000,	0,	0,	0,	0,	0;
689,	31.565992450,	120.791570164,	 18.910000000,	1.390000000,	0,	0,	0,	0,	0;
690,	31.566014160,	120.791580218,	 18.945000000,	1.390000000,	0,	0,	0,	0,	0;
691,	31.566036042,	120.791586896,	 18.984000000,	1.390000000,	0,	0,	0,	0,	0;
692,	31.566056337,	120.791590261,	 19.023000000,	1.390000000,	0,	0,	0,	0,	0;
693,	31.566077055,	120.791590258,	 18.940000000,	1.390000000,	0,	0,	0,	0,	0;
694,	31.566099918,	120.791585755,	 18.768000000,	1.390000000,	0,	0,	0,	0,	0;
695,	31.566118605,	120.791578197,	 18.645000000,	1.390000000,	0,	0,	0,	0,	0;
696,	31.566233757,	120.791523076,	 18.349000000,	2.780000000,	0,	0,	0,	0,	0;
697,	31.566348108,	120.791469549,	 18.391000000,	2.780000000,	0,	0,	0,	0,	0;
698,	31.566469453,	120.791411436,	 18.428000000,	2.780000000,	0,	0,	0,	0,	0;
699,	31.566575838,	120.791360084,	 18.490000000,	2.780000000,	0,	0,	0,	0,	0;
700,	31.566683519,	120.791307038,	 18.429000000,	2.780000000,	0,	0,	0,	0,	0;
701,	31.566737996,	120.791278081,	 18.342000000,	2.780000000,	0,	0,	0,	0,	0;
702,	31.566842629,	120.791232436,	 18.342000000,	2.780000000,	0,	0,	0,	0,	0;
703,	31.566956853,	120.791178484,	 18.327000000,	2.780000000,	0,	0,	0,	0,	0;
704,	31.567073784,	120.791123336,	 18.264000000,	2.780000000,	0,	0,	0,	0,	0;
705,	31.567206329,	120.791060830,	 18.195000000,	2.780000000,	0,	0,	0,	0,	0;
706,	31.567331059,	120.791000990,	 18.192000000,	2.780000000,	0,	0,	0,	0,	0;
707,	31.567463152,	120.790938553,	 18.208000000,	2.780000000,	0,	0,	0,	0,	0;
708,	31.567580970,	120.790883759,	 18.215000000,	2.780000000,	0,	0,	0,	0,	0;
709,	31.567692940,	120.790828943,	 18.250000000,	1.390000000,	0,	0,	0,	0,	0;
710,	31.567752260,	120.790798736,	 18.244000000,	1.390000000,	0,	0,	0,	0,	0;
711,	31.567771226,	120.790786371,	 18.246000000,	1.390000000,	0,	0,	0,	0,	0;
712,	31.567787122,	120.790771095,	 18.220000000,	1.390000000,	0,	0,	0,	0,	0;
713,	31.567798163,	120.790750544,	 18.183000000,	1.390000000,	0,	0,	0,	0,	0;
714,	31.567801379,	120.790725763,	 18.178000000,	1.390000000,	0,	0,	0,	0,	0;
715,	31.567797351,	120.790702339,	 18.179000000,	1.390000000,	0,	0,	0,	0,	0;
716,	31.567789841,	120.790680897,	 18.157000000,	1.390000000,	0,	0,	0,	0,	0;
717,	31.567780131,	120.790658527,	 18.184000000,	1.390000000,	0,	0,	0,	0,	0;
718,	31.567770080,	120.790633611,	 18.157000000,	1.390000000,	0,	0,	0,	0,	0;
719,	31.567761670,	120.790609612,	 18.134000000,	1.390000000,	0,	0,	0,	0,	0;
720,	31.567717216,	120.790478277,	 18.211000000,	1.390000000,	0,	0,	0,	0,	0;
721,	31.567707191,	120.790451002,	 18.239000000,	1.390000000,	0,	0,	0,	0,	0;
722,	31.567696399,	120.790425239,	 18.266000000,	1.390000000,	0,	0,	0,	0,	0;
723,	31.567685671,	120.790403553,	 18.282000000,	1.390000000,	0,	0,	0,	0,	0;
724,	31.567671870,	120.790384348,	 18.329000000,	1.390000000,	0,	0,	0,	0,	0;
725,	31.567652789,	120.790371152,	 18.386000000,	1.390000000,	0,	0,	0,	0,	0;
726,	31.567630654,	120.790366363,	 18.379000000,	1.390000000,	0,	0,	0,	0,	0;
727,	31.567604950,	120.790368988,	 18.384000000,	1.390000000,	0,	0,	0,	0,	0;
728,	31.567581007,	120.790375978,	 18.382000000,	1.390000000,	0,	0,	0,	0,	0;
729,	31.567552830,	120.790385808,	 18.365000000,	1.390000000,	0,	0,	0,	0,	0;
730,	31.567527530,	120.790395880,	 18.390000000,	1.390000000,	0,	0,	0,	0,	0;
731,	31.567376474,	120.790458043,	 18.610000000,	2.780000000,	0,	0,	0,	0,	0;
732,	31.567226076,	120.790517807,	 18.560000000,	2.780000000,	0,	0,	0,	0,	0;
733,	31.567063733,	120.790583946,	 18.479000000,	2.780000000,	0,	0,	0,	0,	0;
734,	31.566897660,	120.790652352,	 18.374000000,	2.780000000,	0,	0,	0,	0,	0;
735,	31.566736702,	120.790715738,	 18.398000000,	2.780000000,	0,	0,	0,	0,	0;
736,	31.566580108,	120.790776034,	 18.264000000,	2.780000000,	0,	0,	0,	0,	0;
737,	31.566446483,	120.790829379,	 18.088000000,	2.780000000,	0,	0,	0,	0,	0;
738,	31.566297199,	120.790890262,	 18.058000000,	2.780000000,	0,	0,	0,	0,	0;
739,	31.566137265,	120.790953511,	 18.040000000,	2.780000000,	0,	0,	0,	0,	0;
740,	31.565993396,	120.791010291,	 17.969000000,	1.390000000,	0,	0,	0,	0,	0;
741,	31.565944793,	120.791029592,	 17.970000000,	1.390000000,	0,	0,	0,	0,	0;
742,	31.565901925,	120.791044493,	 18.203000000,	1.390000000,	0,	0,	0,	0,	0;
743,	31.565881235,	120.791050312,	 18.392000000,	1.390000000,	0,	0,	0,	0,	0;
744,	31.565859336,	120.791053796,	 18.472000000,	1.390000000,	0,	0,	0,	0,	0;
745,	31.565835011,	120.791053918,	 18.533000000,	1.390000000,	0,	0,	0,	0,	0;
746,	31.565813065,	120.791046468,	 18.588000000,	1.390000000,	0,	0,	0,	0,	0;
747,	31.565795371,	120.791028807,	 18.561000000,	1.390000000,	0,	0,	0,	0,	0;
748,	31.565781482,	120.791003738,	 18.546000000,	1.390000000,	0,	0,	0,	0,	0;
749,	31.565768868,	120.790976365,	 18.588000000,	1.390000000,	0,	0,	0,	0,	0;
750,	31.565708494,	120.790830676,	 18.691000000,	1.390000000,	0,	0,	0,	0,	0;
751,	31.565646291,	120.790676175,	 18.750000000,	3.560000000,	0,	0,	0,	0,	0;
752,	31.565578358,	120.790507654,	 18.783000000,	5.560000000,	0,	0,	0,	0,	0;
753,	31.565506729,	120.790328531,	 18.802000000,	5.560000000,	0,	0,	0,	0,	0;
754,	31.565447622,	120.790180594,	 18.724000000,	5.560000000,	0,	0,	0,	0,	0;
755,	31.565386632,	120.790026270,	 18.624000000,	5.560000000,	0,	0,	0,	0,	0;
756,	31.565316656,	120.789854835,	 18.628000000,	5.560000000,	0,	0,	0,	0,	0;
757,	31.565264415,	120.789723999,	 18.685000000,	5.560000000,	0,	0,	0,	0,	0;
758,	31.565255324,	120.789700317,	 18.710000000,	5.560000000,	0,	0,	0,	0,	0;
759,	31.565199546,	120.789560895,	 18.649000000,	5.560000000,	0,	0,	0,	0,	0;
760,	31.565144730,	120.789421802,	 18.593000000,	5.560000000,	0,	0,	0,	0,	0;
761,	31.565093451,	120.789287260,	 18.556000000,	5.560000000,	0,	0,	0,	0,	0;
762,	31.565048584,	120.789165064,	 18.562000000,	5.560000000,	0,	0,	0,	0,	0;
763,	31.565039507,	120.789138445,	 18.573000000,	5.560000000,	0,	0,	0,	0,	0;
764,	31.564993501,	120.788987722,	 18.539000000,	5.560000000,	0,	0,	0,	0,	0;
765,	31.564955700,	120.788843206,	 18.523000000,	5.560000000,	0,	0,	0,	0,	0;
766,	31.564921795,	120.788675948,	 18.535000000,	5.560000000,	0,	0,	0,	0,	0;
767,	31.564892194,	120.788493503,	 18.520000000,	5.560000000,	0,	0,	0,	0,	0;
768,	31.564887602,	120.788458736,	 18.502000000,	5.560000000,	0,	0,	0,	0,	0;
769,	31.564869074,	120.788268291,	 18.461000000,	5.560000000,	0,	0,	0,	0,	0;
770,	31.564863433,	120.788187133,	 18.472000000,	5.560000000,	0,	0,	0,	0,	0;
771,	31.564858152,	120.788014462,	 18.427000000,	5.560000000,	0,	0,	0,	0,	0;
772,	31.564854879,	120.787847662,	 18.367000000,	5.560000000,	0,	0,	0,	0,	0;
773,	31.564851158,	120.787668347,	 18.303000000,	5.560000000,	0,	0,	0,	0,	0;
774,	31.564849979,	120.787479446,	 18.355000000,	5.560000000,	0,	0,	0,	0,	0;
775,	31.564849197,	120.787283958,	 18.453000000,	5.560000000,	0,	0,	0,	0,	0;
776,	31.564848691,	120.787089157,	 18.476000000,	5.560000000,	0,	0,	0,	0,	0;
777,	31.564848117,	120.786906793,	 18.405000000,	5.560000000,	0,	0,	0,	0,	0;
778,	31.564846807,	120.786737555,	 18.377000000,	5.560000000,	0,	0,	0,	0,	0;
779,	31.564846481,	120.786565173,	 18.331000000,	5.560000000,	0,	0,	0,	0,	0;
780,	31.564844456,	120.786380747,	 18.340000000,	5.560000000,	0,	0,	0,	0,	0;
781,	31.564843354,	120.786204832,	 18.396000000,	5.560000000,	0,	0,	0,	0,	0;
782,	31.564842648,	120.786018724,	 18.446000000,	5.560000000,	0,	0,	0,	0,	0;
783,	31.564841955,	120.785838696,	 18.571000000,	5.560000000,	0,	0,	0,	0,	0;
784,	31.564840782,	120.785637447,	 18.754000000,	5.560000000,	0,	0,	0,	0,	0;
785,	31.564838186,	120.785421344,	 19.090000000,	5.560000000,	0,	0,	0,	0,	0;
786,	31.564836324,	120.785201598,	 19.423000000,	5.560000000,	0,	0,	0,	0,	0;
787,	31.564835084,	120.784983234,	 19.708000000,	5.560000000,	0,	0,	0,	0,	0;
788,	31.564833730,	120.784765893,	 20.087000000,	5.560000000,	0,	0,	0,	0,	0;
789,	31.564832956,	120.784544743,	 20.582000000,	5.560000000,	0,	0,	0,	0,	0;
790,	31.564832714,	120.784316437,	 20.660000000,	5.560000000,	0,	0,	0,	0,	0;
791,	31.564832304,	120.784104276,	 20.602000000,	5.560000000,	0,	0,	0,	0,	0;
792,	31.564831399,	120.783910567,	 20.142000000,	5.560000000,	0,	0,	0,	0,	0;
793,	31.564829951,	120.783705135,	 19.927000000,	5.560000000,	0,	0,	0,	0,	0;
794,	31.564827977,	120.783495355,	 19.738000000,	5.560000000,	0,	0,	0,	0,	0;
795,	31.564826703,	120.783285101,	 19.493000000,	5.560000000,	0,	0,	0,	0,	0;
796,	31.564825527,	120.783075282,	 19.283000000,	5.560000000,	0,	0,	0,	0,	0;
797,	31.564824037,	120.782893447,	 19.141000000,	5.560000000,	0,	0,	0,	0,	0;
798,	31.564822177,	120.782702893,	 19.015000000,	5.560000000,	0,	0,	0,	0,	0;
799,	31.564820492,	120.782520017,	 18.856000000,	5.560000000,	0,	0,	0,	0,	0;
800,	31.564819816,	120.782347629,	 18.819000000,	5.560000000,	0,	0,	0,	0,	0;
801,	31.564819108,	120.782177971,	 18.825000000,	5.560000000,	0,	0,	0,	0,	0;
802,	31.564819346,	120.782000856,	 18.822000000,	5.560000000,	0,	0,	0,	0,	0;
803,	31.564823904,	120.781826517,	 18.816000000,	5.560000000,	0,	0,	0,	0,	0;
804,	31.564829052,	120.781651944,	 18.799000000,	5.560000000,	0,	0,	0,	0,	0;
805,	31.564835178,	120.781473575,	 18.828000000,	5.560000000,	0,	0,	0,	0,	0;
806,	31.564843534,	120.781292661,	 18.819000000,	5.560000000,	0,	0,	0,	0,	0;
807,	31.564852743,	120.781114110,	 18.842000000,	5.560000000,	0,	0,	0,	0,	0;
808,	31.564863505,	120.780928337,	 18.913000000,	5.560000000,	0,	0,	0,	0,	0;
809,	31.564875868,	120.780748245,	 18.893000000,	5.560000000,	0,	0,	0,	0,	0;
810,	31.564889350,	120.780577777,	 18.891000000,	5.367004565,	0,	0,	0,	0,	0;
811,	31.564901180,	120.780400893,	 18.882000000,	4.250305989,	0,	0,	0,	0,	0;
812,	31.564913029,	120.780271690,	 18.818000000,	3.598720328,	0,	0,	0,	0,	0;
813,	31.564930103,	120.780147302,	 18.827000000,	3.288110856,	0,	0,	0,	0,	0;
814,	31.564933479,	120.780119297,	 18.873000000,	3.378092509,	0,	0,	0,	0,	0;
815,	31.564936345,	120.780090660,	 18.914000000,	2.000000000,	0,	0,	0,	0,	0;
816,	31.564948947,	120.779910355,	 19.177000000,	1.000000000,	0,	0,	0,	0,	0;
817,	31.564950501,	120.779893645,	 19.148000000,	1.217004843,	0,	0,	0,	0,	0;
818,	31.564955441,	120.779781342,	 19.194000000,	0.841030615,	5,	0,	0,	0,	0;
819,	31.564958538,	120.779736997,	 19.163000000,	2.398110298,	0,	0,	0,	0,	0;
820,	31.564963465,	120.779703286,	 19.158000000,	2.024180081,	0,	0,	0,	0,	0;
821,	31.564974282,	120.779663780,	 19.222000000,	2.007089933,	0,	0,	0,	0,	0;
822,	31.564987476,	120.779635523,	 19.250000000,	2.101068776,	0,	0,	0,	0,	0;
823,	31.565007647,	120.779609284,	 19.330000000,	2.293031400,	0,	0,	0,	0,	0;
824,	31.565032286,	120.779585716,	 19.324000000,	2.461009955,	0,	0,	0,	0,	0;
825,	31.565061266,	120.779565801,	 19.322000000,	2.564019501,	0,	0,	0,	0,	0;
826,	31.565097679,	120.779550673,	 19.341000000,	3.201022493,	0,	0,	0,	0,	0;
827,	31.565144298,	120.779541693,	 19.376000000,	3.743001202,	0,	0,	0,	0,	0;
828,	31.565197609,	120.779537614,	 19.452000000,	4.067024096,	0,	0,	0,	0,	0;
829,	31.565411280,	120.779523014,	 19.496000000,	5.521117369,	0,	0,	0,	0,	0;
830,	31.565696675,	120.779496350,	 19.506000000,	7.106344771,	0,	0,	0,	0,	0;
831,	31.566054994,	120.779452809,	 19.529000000,	8.868189669,	0,	0,	0,	0,	0;
832,	31.566468401,	120.779392925,	 19.548000000,	9.804112657,	0,	0,	0,	0,	0;
833,	31.566913632,	120.779315053,	 19.795000000,	10.085109518,	0,	0,	0,	0,	0;
834,	31.567365035,	120.779219097,	 20.098000000,	10.360019305,	0,	0,	0,	0,	0;
835,	31.567824122,	120.779107158,	 20.458000000,	10.386009436,	0,	0,	0,	0,	0;
836,	31.568283910,	120.778973689,	 20.614000000,	10.756024591,	0,	0,	0,	0,	0;
837,	31.568758649,	120.778822467,	 20.817000000,	11.000069136,	0,	0,	0,	0,	0;
838,	31.569227161,	120.778653901,	 20.884000000,	10.496189070,	0,	0,	0,	0,	0;
839,	31.569677340,	120.778474526,	 20.955000000,	10.611054472,	0,	0,	0,	0,	0;
840,	31.570104808,	120.778284879,	 20.995000000,	9.820000458,	0,	0,	0,	0,	0;
841,	31.570514899,	120.778090227,	 21.050000000,	9.908014584,	0,	0,	0,	0,	0;
842,	31.570924245,	120.777879450,	 21.184000000,	9.729066605,	0,	0,	0,	0,	0;
843,	31.571317319,	120.777662521,	 21.296000000,	9.539067931,	0,	0,	0,	0,	0;
844,	31.571706769,	120.777431968,	 21.328000000,	9.851007309,	0,	0,	0,	0,	0;
845,	31.572095940,	120.777191745,	 21.173000000,	9.792005106,	0,	0,	0,	0,	0;
846,	31.572477759,	120.776948084,	 21.191000000,	9.765007373,	0,	0,	0,	0,	0;
847,	31.572861907,	120.776696442,	 21.240000000,	9.791024717,	0,	0,	0,	0,	0;
848,	31.573256225,	120.776435649,	 21.205000000,	10.261152810,	0,	0,	0,	0,	0;
849,	31.573654882,	120.776171182,	 21.289000000,	9.910339247,	0,	0,	0,	0,	0;
850,	31.574047242,	120.775910807,	 21.443000000,	10.277281012,	0,	0,	0,	0,	0;
851,	31.574452507,	120.775641089,	 21.476000000,	10.401315398,	0,	0,	0,	0,	0;
852,	31.574858307,	120.775370902,	 21.561000000,	10.394407150,	0,	0,	0,	0,	0;
853,	31.575269885,	120.775097871,	 21.654000000,	10.432371159,	0,	0,	0,	0,	0;
854,	31.575666735,	120.774834190,	 21.726000000,	10.019150962,	0,	0,	0,	0,	0;
855,	31.576059519,	120.774574197,	 21.685000000,	10.020167863,	0,	0,	0,	0,	0;
856,	31.576443689,	120.774317729,	 21.713000000,	9.633315784,	0,	0,	0,	0,	0;
857,	31.576831860,	120.774060327,	 21.695000000,	10.004237952,	0,	0,	0,	0,	0;
858,	31.577212373,	120.773805423,	 21.669000000,	9.614316408,	0,	0,	0,	0,	0;
859,	31.577588444,	120.773558446,	 21.649000000,	9.222288924,	0,	0,	0,	0,	0;
860,	31.577945752,	120.773319890,	 21.615000000,	9.011227275,	0,	0,	0,	0,	0;
861,	31.578308978,	120.773079146,	 21.616000000,	9.591083411,	0,	0,	0,	0,	0;
862,	31.578688565,	120.772826851,	 21.577000000,	9.802049020,	0,	0,	0,	0,	0;
863,	31.579075317,	120.772568223,	 21.490000000,	9.807034465,	0,	0,	0,	0,	0;
864,	31.579455843,	120.772315869,	 21.467000000,	9.633004204,	0,	0,	0,	0,	0;
865,	31.579828831,	120.772068140,	 21.393000000,	9.460006395,	0,	0,	0,	0,	0;
866,	31.580199101,	120.771822237,	 21.340000000,	9.511001314,	0,	0,	0,	0,	0;
867,	31.580579727,	120.771569630,	 21.296000000,	9.921012902,	0,	0,	0,	0,	0;
868,	31.580962959,	120.771314044,	 21.278000000,	9.792069904,	0,	0,	0,	0,	0;
869,	31.581336151,	120.771065931,	 21.291000000,	9.016122504,	0,	0,	0,	0,	0;
870,	31.581670922,	120.770843147,	 21.287000000,	8.031239319,	0,	0,	0,	0,	0;
871,	31.581975155,	120.770642784,	 21.273000000,	7.551165539,	0,	0,	0,	0,	0;
872,	31.582264206,	120.770452367,	 21.265000000,	7.280185712,	0,	0,	0,	0,	0;
873,	31.582550036,	120.770264182,	 21.249000000,	7.194233802,	0,	0,	0,	0,	0;
874,	31.582809414,	120.770092788,	 21.214000000,	5.934202305,	0,	0,	0,	0,	0;
875,	31.583018224,	120.769955895,	 21.174000000,	4.759034041,	0,	0,	0,	0,	0;
876,	31.583192956,	120.769840328,	 21.155000000,	4.335001038,	0,	0,	0,	0,	0;
877,	31.583364406,	120.769725321,	 21.133000000,	4.412065276,	0,	0,	0,	0,	0;
878,	31.583534751,	120.769611357,	 21.103000000,	2.157000120,	0,	0,	0,	0,	0;
879,	31.583728335,	120.769484162,	 21.082000000,	1.472024337,	0,	0,	0,	0,	0;
880,	31.583830710,	120.769416956,	 21.058000000,	0.848050721,	5,	0,	0,	0,	0;
881,	31.583855383,	120.769401332,	 21.049000000,	1.976016194,	0,	0,	0,	0,	0;
882,	31.583885339,	120.769385100,	 21.030000000,	1.780004494,	0,	0,	0,	0,	0;
883,	31.583916637,	120.769374674,	 20.995000000,	1.947025680,	0,	0,	0,	0,	0;
884,	31.583944070,	120.769371615,	 20.957000000,	2.138123710,	0,	0,	0,	0,	0;
885,	31.583973236,	120.769374796,	 20.899000000,	2.210177368,	0,	0,	0,	0,	0;
886,	31.584001694,	120.769386534,	 20.819000000,	2.263049712,	0,	0,	0,	0,	0;
887,	31.584026742,	120.769405722,	 20.686000000,	2.258097651,	0,	0,	0,	0,	0;
888,	31.584049796,	120.769429294,	 20.567000000,	2.374076031,	0,	0,	0,	0,	0;
889,	31.584071352,	120.769455075,	 20.450000000,	2.303070342,	0,	0,	0,	0,	0;
890,	31.584089936,	120.769480887,	 20.336000000,	2.053140278,	0,	0,	0,	0,	0;
891,	31.584109179,	120.769513777,	 20.276000000,	1.728018518,	0,	0,	0,	0,	0;
892,	31.584122456,	120.769542178,	 20.318000000,	1.202028887,	0,	0,	0,	0,	0;
893,	31.584131022,	120.769565592,	 20.317000000,	0.842070221,	5,	0,	0,	0,	0;
894,	31.584212140,	120.769767838,	 19.944000000,	3.723204265,	0,	0,	0,	0,	0;
895,	31.584305318,	120.770000248,	 19.523000000,	5.283307487,	0,	0,	0,	0,	0;
896,	31.584427985,	120.770298828,	 18.770000000,	7.004757312,	0,	0,	0,	0,	0;
897,	31.584562684,	120.770629625,	 18.317000000,	6.736276197,	0,	0,	0,	0,	0;
898,	31.584685331,	120.770930877,	 18.004000000,	5.923086442,	0,	0,	0,	0,	0;
899,	31.584781273,	120.771167486,	 17.883000000,	4.142131456,	0,	0,	0,	0,	0;
900,	31.584878961,	120.771406999,	 17.920000000,	6.292153844,	0,	0,	0,	0,	0;
901,	31.585006139,	120.771719738,	 17.739000000,	6.826468780,	0,	0,	0,	0,	0;
902,	31.585135196,	120.772050213,	 17.629000000,	6.852931708,	0,	0,	0,	0,	0;
903,	31.585260066,	120.772365842,	 17.606000000,	6.275765212,	0,	0,	0,	0,	0;
904,	31.585376205,	120.772653407,	 17.630000000,	5.468556299,	0,	0,	0,	0,	0;
905,	31.585471213,	120.772878924,	 17.662000000,	4.502028432,	0,	0,	0,	0,	0;
906,	31.585577456,	120.773130151,	 17.758000000,	5.606075008,	0,	0,	0,	0,	0;
907,	31.585697941,	120.773423695,	 17.845000000,	6.793403050,	0,	0,	0,	0,	0;
908,	31.585834940,	120.773761679,	 17.798000000,	7.066535573,	0,	0,	0,	0,	0;
909,	31.585958459,	120.774061931,	 17.802000000,	5.084265925,	0,	0,	0,	0,	0;
910,	31.586049500,	120.774276311,	 17.787000000,	4.519031976,	0,	0,	0,	0,	0;
911,	31.586149246,	120.774520655,	 17.722000000,	5.622156881,	0,	0,	0,	0,	0;
912,	31.586243501,	120.774746097,	 17.769000000,	6.297114657,	0,	0,	0,	0,	0;
913,	31.586381078,	120.775041795,	 17.819000000,	6.516088704,	0,	0,	0,	0,	0;
914,	31.586514821,	120.775341573,	 17.838000000,	6.281114949,	0,	0,	0,	0,	0;
915,	31.586644171,	120.775631970,	 17.786000000,	6.059112971,	0,	0,	0,	0,	0;
916,	31.586763824,	120.775900235,	 17.869000000,	5.479286176,	0,	0,	0,	0,	0;
917,	31.586788357,	120.775949312,	 17.846000000,	5.326244174,	0,	0,	0,	0,	0;
918,	31.586813582,	120.775995707,	 17.879000000,	5.113274685,	0,	0,	0,	0,	0;
919,	31.586885525,	120.776120790,	 17.893000000,	4.439218062,	0,	0,	0,	0,	0;
920,	31.586906665,	120.776159203,	 17.948000000,	4.195220376,	0,	0,	0,	0,	0;
921,	31.586925780,	120.776196226,	 17.968000000,	4.008090942,	0,	0,	0,	0,	0;
922,	31.586943502,	120.776232582,	 17.981000000,	3.873196354,	0,	0,	0,	0,	0;
923,	31.587056218,	120.776468134,	 17.927000000,	2.164488854,	0,	0,	0,	0,	0;
924,	31.587072023,	120.776499319,	 17.924000000,	1.270246039,	0,	0,	0,	0,	0;
925,	31.587081813,	120.776519613,	 17.904000000,	0.841121637,	5,	0,	0,	0,	0;
926,	31.587097594,	120.776549037,	 17.897000000,	2.154195209,	0,	0,	0,	0,	0;
927,	31.587119831,	120.776579967,	 17.917000000,	2.885038995,	0,	0,	0,	0,	0;
928,	31.587151991,	120.776612026,	 17.963000000,	3.301003787,	0,	0,	0,	0,	0;
929,	31.587192854,	120.776639752,	 17.992000000,	3.604086708,	0,	0,	0,	0,	0;
930,	31.587237688,	120.776660468,	 17.943000000,	3.579027382,	0,	0,	0,	0,	0;
931,	31.587285173,	120.776673517,	 17.967000000,	3.648004934,	0,	0,	0,	0,	0;
932,	31.587334259,	120.776678274,	 18.018000000,	3.670114576,	0,	0,	0,	0,	0;
933,	31.587383863,	120.776672709,	 17.961000000,	3.787111036,	0,	0,	0,	0,	0;
934,	31.587434495,	120.776655717,	 17.893000000,	4.045273044,	0,	0,	0,	0,	0;
935,	31.587467779,	120.776636199,	 17.833000000,	4.281406545,	0,	0,	0,	0,	0;
936,	31.587500971,	120.776609362,	 17.794000000,	4.665336108,	0,	0,	0,	0,	0;
937,	31.587534936,	120.776576740,	 17.801000000,	5.107039162,	0,	0,	0,	0,	0;
938,	31.587738701,	120.776368881,	 17.748000000,	6.655002705,	0,	0,	0,	0,	0;
939,	31.587975713,	120.776128387,	 17.733000000,	7.638003208,	0,	0,	0,	0,	0;
940,	31.588246359,	120.775855494,	 17.819000000,	7.963003077,	0,	0,	0,	0,	0;
941,	31.588532058,	120.775563519,	 17.763000000,	8.580088636,	0,	0,	0,	0,	0;
942,	31.588823944,	120.775269384,	 17.705000000,	8.377095499,	0,	0,	0,	0,	0;
943,	31.589114644,	120.774976760,	 17.755000000,	8.732044892,	0,	0,	0,	0,	0;
944,	31.589403409,	120.774683870,	 17.713000000,	8.096136424,	0,	0,	0,	0,	0;
945,	31.589671817,	120.774414942,	 17.721000000,	7.636023638,	0,	0,	0,	0,	0;
946,	31.589917242,	120.774169680,	 17.720000000,	5.878005444,	0,	0,	0,	0,	0;
947,	31.590094083,	120.773988190,	 17.807000000,	4.992001603,	0,	0,	0,	0,	0;
948,	31.590271165,	120.773809342,	 17.838000000,	5.370013408,	0,	0,	0,	0,	0;
949,	31.590446020,	120.773632401,	 17.895000000,	4.659012986,	0,	0,	0,	0,	0;
950,	31.590574342,	120.773503989,	 17.853000000,	2.906000172,	0,	0,	0,	0,	0;
951,	31.590603168,	120.773477085,	 17.854000000,	2.611009383,	0,	0,	0,	0,	0;
952,	31.590631578,	120.773453059,	 17.844000000,	2.565023587,	0,	0,	0,	0,	0;
953,	31.590659688,	120.773431882,	 17.812000000,	2.270160567,	0,	0,	0,	0,	0;
954,	31.590731947,	120.773381433,	 17.744000000,	1.924037422,	0,	0,	0,	0,	0;
955,	31.590761019,	120.773360388,	 17.700000000,	1.805004432,	0,	0,	0,	0,	0;
956,	31.590786930,	120.773339450,	 17.711000000,	1.699000000,	0,	0,	0,	0,	0;
957,	31.590809269,	120.773319421,	 17.728000000,	1.455005498,	0,	0,	0,	0,	0;
958,	31.590866291,	120.773264757,	 17.831000000,	1.035278223,	0,	0,	0,	0,	0;
959,	31.590897108,	120.773234105,	 17.674000000,	0.000000000,	0,	0,	0,	0,	0;
960,	31.590916100,	120.773213803,	 17.703000000,	0.000000000,	0,	0,	0,	0,	0;
 