1,	34.227171050,	109.006523000,	441.854000000,	 0.010000000,	0,	0,	0,	0,	0;
2,	34.227194130,	109.006572700,	441.779000000,	 2.956000000,	0,	0,	0,	0,	0;
3,	34.227217980,	109.006623800,	441.657000000,	 4.205000000,	0,	0,	0,	0,	0;
4,	34.227241440,	109.006674200,	441.608000000,	 5.001000000,	0,	0,	0,	0,	0;
5,	34.227265440,	109.006725500,	441.572000000,	 5.747000000,	0,	0,	0,	0,	0;
6,	34.227289310,	109.006777100,	441.530000000,	 6.268000000,	0,	0,	0,	0,	0;
7,	34.227313710,	109.006829700,	441.459000000,	 6.748000000,	0,	0,	0,	0,	0;
8,	34.227338290,	109.006882400,	441.399000000,	 7.135000000,	0,	0,	0,	0,	0;
9,	34.227362380,	109.006934100,	441.362000000,	 7.446000000,	0,	0,	0,	0,	0;
10,	34.227387360,	109.006988100,	441.293000000,	 7.735000000,	0,	0,	0,	0,	0;
11,	34.227411520,	109.007040600,	441.233000000,	 8.073000000,	0,	0,	0,	0,	0;
12,	34.227436580,	109.007094900,	441.195000000,	 8.323000000,	0,	0,	0,	0,	0;
13,	34.227460570,	109.007146700,	441.163000000,	 8.532000000,	0,	0,	0,	0,	0;
14,	34.227485120,	109.007199700,	441.140000000,	 8.717000000,	0,	0,	0,	0,	0;
15,	34.227510000,	109.007253600,	441.118000000,	 8.819000000,	0,	0,	0,	0,	0;
16,	34.227534900,	109.007308100,	441.095000000,	 8.880000000,	0,	0,	0,	0,	0;
17,	34.227559990,	109.007363200,	441.049000000,	 8.965000000,	0,	0,	0,	0,	0;
18,	34.227585180,	109.007418700,	440.992000000,	 8.990000000,	0,	0,	0,	0,	0;
19,	34.227610120,	109.007474800,	440.904000000,	 9.065000000,	0,	0,	0,	0,	0;
20,	34.227634880,	109.007531500,	440.830000000,	 9.140000000,	0,	0,	0,	0,	0;
21,	34.227657780,	109.007584400,	440.775000000,	 9.210000000,	0,	0,	0,	0,	0;
22,	34.227680600,	109.007637800,	440.754000000,	 9.257000000,	0,	0,	0,	0,	0;
23,	34.227703420,	109.007691500,	440.731000000,	 9.313000000,	0,	0,	0,	0,	0;
24,	34.227726160,	109.007745700,	440.681000000,	 9.346000000,	0,	0,	0,	0,	0;
25,	34.227748670,	109.007800100,	440.646000000,	 9.396000000,	0,	0,	0,	0,	0;
26,	34.227771460,	109.007854900,	440.625000000,	 9.456000000,	0,	0,	0,	0,	0;
27,	34.227794690,	109.007909700,	440.588000000,	 9.505000000,	0,	0,	0,	0,	0;
28,	34.227818470,	109.007964600,	440.551000000,	 9.576000000,	0,	0,	0,	0,	0;
29,	34.227843010,	109.008019800,	440.518000000,	 9.717000000,	0,	0,	0,	0,	0;
30,	34.227868160,	109.008075500,	440.484000000,	 9.783000000,	0,	0,	0,	0,	0;
31,	34.227893840,	109.008131400,	440.440000000,	 9.872000000,	0,	0,	0,	0,	0;
32,	34.227919890,	109.008187400,	440.414000000,	 9.879000000,	0,	0,	0,	0,	0;
33,	34.227945810,	109.008243200,	440.389000000,	 9.791000000,	0,	0,	0,	0,	0;
34,	34.227971040,	109.008298300,	440.377000000,	 9.638000000,	0,	0,	0,	0,	0;
35,	34.227995590,	109.008352100,	440.354000000,	 9.248000000,	0,	0,	0,	0,	0;
36,	34.228020880,	109.008407900,	440.329000000,	 8.899000000,	0,	0,	0,	0,	0;
37,	34.228045590,	109.008462100,	440.262000000,	 8.572000000,	0,	0,	0,	0,	0;
38,	34.228070330,	109.008517000,	440.214000000,	 7.889000000,	0,	0,	0,	0,	0;
39,	34.228094480,	109.008570500,	440.147000000,	 7.106000000,	0,	0,	0,	0,	0;
40,	34.228117670,	109.008622200,	440.098000000,	 6.436000000,	0,	0,	0,	0,	0;
41,	34.228141220,	109.008675300,	440.057000000,	 5.793000000,	0,	0,	0,	0,	0;
42,	34.228163590,	109.008727600,	440.038000000,	 5.253000000,	0,	0,	0,	0,	0;
43,	34.228182830,	109.008780600,	440.052000000,	 4.490000000,	0,	0,	0,	0,	0;
44,	34.228195690,	109.008835800,	440.090000000,	 3.995000000,	0,	0,	0,	0,	0;
45,	34.228198140,	109.008893500,	440.098000000,	 3.702000000,	0,	0,	0,	0,	0;
46,	34.228190910,	109.008949800,	440.071000000,	 3.675000000,	0,	0,	0,	0,	0;
47,	34.228173890,	109.009004600,	440.021000000,	 4.067000000,	0,	0,	0,	0,	0;
48,	34.228147970,	109.009053100,	440.024000000,	 4.421000000,	0,	0,	0,	0,	0;
49,	34.228113630,	109.009095100,	440.082000000,	 4.725000000,	0,	0,	0,	0,	0;
50,	34.228074070,	109.009130600,	440.156000000,	 5.325000000,	0,	0,	0,	0,	0;
51,	34.228033510,	109.009162400,	440.184000000,	 6.000000000,	0,	0,	0,	0,	0;
52,	34.227989890,	109.009194100,	440.210000000,	 6.569000000,	0,	0,	0,	0,	0;
53,	34.227947110,	109.009223300,	440.270000000,	 7.077000000,	0,	0,	0,	0,	0;
54,	34.227904030,	109.009252100,	440.308000000,	 7.523000000,	0,	0,	0,	0,	0;
55,	34.227858640,	109.009282400,	440.332000000,	 7.859000000,	0,	0,	0,	0,	0;
56,	34.227814450,	109.009311400,	440.342000000,	 8.122000000,	0,	0,	0,	0,	0;
57,	34.227768420,	109.009340700,	440.362000000,	 8.387000000,	0,	0,	0,	0,	0;
58,	34.227724380,	109.009368100,	440.425000000,	 8.610000000,	0,	0,	0,	0,	0;
59,	34.227678850,	109.009395800,	440.467000000,	 8.867000000,	0,	0,	0,	0,	0;
60,	34.227631920,	109.009424100,	440.493000000,	 9.085000000,	0,	0,	0,	0,	0;
61,	34.227587580,	109.009450800,	440.520000000,	 9.261000000,	0,	0,	0,	0,	0;
62,	34.227542290,	109.009478100,	440.553000000,	 9.426000000,	0,	0,	0,	0,	0;
63,	34.227496230,	109.009505800,	440.609000000,	 9.617000000,	0,	0,	0,	0,	0;
64,	34.227449180,	109.009534000,	440.646000000,	 9.786000000,	0,	0,	0,	0,	0;
65,	34.227401350,	109.009562700,	440.640000000,	 9.939000000,	0,	0,	0,	0,	0;
66,	34.227352900,	109.009591600,	440.663000000,	10.020000000,	0,	0,	0,	0,	0;
67,	34.227308150,	109.009618500,	440.702000000,	10.076000000,	0,	0,	0,	0,	0;
68,	34.227263110,	109.009645500,	440.705000000,	10.172000000,	0,	0,	0,	0,	0;
69,	34.227217640,	109.009672900,	440.668000000,	10.231000000,	0,	0,	0,	0,	0;
70,	34.227172110,	109.009700400,	440.670000000,	10.254000000,	0,	0,	0,	0,	0;
71,	34.227126610,	109.009727900,	440.684000000,	10.264000000,	0,	0,	0,	0,	0;
72,	34.227080750,	109.009755400,	440.670000000,	10.342000000,	0,	0,	0,	0,	0;
73,	34.227034380,	109.009783000,	440.704000000,	10.388000000,	0,	0,	0,	0,	0;
74,	34.226987790,	109.009810900,	440.719000000,	10.481000000,	0,	0,	0,	0,	0;
75,	34.226941020,	109.009839000,	440.751000000,	10.539000000,	0,	0,	0,	0,	0;
76,	34.226894160,	109.009867300,	440.778000000,	10.543000000,	0,	0,	0,	0,	0;
77,	34.226847620,	109.009895400,	440.827000000,	10.470000000,	0,	0,	0,	0,	0;
78,	34.226801330,	109.009923400,	440.863000000,	10.398000000,	0,	0,	0,	0,	0;
79,	34.226755540,	109.009951100,	440.890000000,	10.237000000,	0,	0,	0,	0,	0;
80,	34.226710540,	109.009978200,	440.939000000,	10.031000000,	0,	0,	0,	0,	0;
81,	34.226662510,	109.010007100,	440.965000000,	 9.791000000,	0,	0,	0,	0,	0;
82,	34.226616000,	109.010035500,	440.973000000,	 9.448000000,	0,	0,	0,	0,	0;
83,	34.226571830,	109.010063600,	440.997000000,	 9.011000000,	0,	0,	0,	0,	0;
84,	34.226527090,	109.010094100,	441.016000000,	 8.559000000,	0,	0,	0,	0,	0;
85,	34.226484820,	109.010125300,	441.019000000,	 8.359000000,	0,	0,	0,	0,	0;
86,	34.226441140,	109.010159400,	441.024000000,	 8.146000000,	0,	0,	0,	0,	0;
87,	34.226398310,	109.010192600,	441.057000000,	 8.009000000,	0,	0,	0,	0,	0;
88,	34.226355530,	109.010224100,	441.090000000,	 7.879000000,	0,	0,	0,	0,	0;
89,	34.226312590,	109.010253700,	441.129000000,	 7.800000000,	0,	0,	0,	0,	0;
90,	34.226269460,	109.010281900,	441.174000000,	 7.709000000,	0,	0,	0,	0,	0;
91,	34.226223720,	109.010310800,	441.212000000,	 7.536000000,	0,	0,	0,	0,	0;
92,	34.226179430,	109.010338300,	441.235000000,	 7.092000000,	0,	0,	0,	0,	0;
93,	34.226136540,	109.010364800,	441.267000000,	 6.301000000,	0,	0,	0,	0,	0;
94,	34.226093230,	109.010391600,	441.283000000,	 5.685000000,	0,	0,	0,	0,	0;
95,	34.226049210,	109.010418700,	441.289000000,	 5.364000000,	0,	0,	0,	0,	0;
96,	34.226005080,	109.010445500,	441.311000000,	 5.110000000,	0,	0,	0,	0,	0;
97,	34.225961310,	109.010471900,	441.341000000,	 5.363000000,	0,	0,	0,	0,	0;
98,	34.225918710,	109.010497800,	441.362000000,	 5.804000000,	0,	0,	0,	0,	0;
99,	34.225875050,	109.010525300,	441.335000000,	 6.341000000,	0,	0,	0,	0,	0;
100,	34.225831260,	109.010554400,	441.345000000,	 6.691000000,	0,	0,	0,	0,	0;
101,	34.225789030,	109.010585500,	441.373000000,	 7.046000000,	0,	0,	0,	0,	0;
102,	34.225748630,	109.010618500,	441.388000000,	 7.410000000,	0,	0,	0,	0,	0;
103,	34.225706550,	109.010654100,	441.418000000,	 7.814000000,	0,	0,	0,	0,	0;
104,	34.225665210,	109.010688600,	441.464000000,	 8.082000000,	0,	0,	0,	0,	0;
105,	34.225621790,	109.010722800,	441.490000000,	 8.336000000,	0,	0,	0,	0,	0;
106,	34.225579560,	109.010754300,	441.511000000,	 8.570000000,	0,	0,	0,	0,	0;
107,	34.225535400,	109.010785000,	441.532000000,	 8.797000000,	0,	0,	0,	0,	0;
108,	34.225489590,	109.010815200,	441.606000000,	 8.986000000,	0,	0,	0,	0,	0;
109,	34.225442680,	109.010845500,	441.660000000,	 9.158000000,	0,	0,	0,	0,	0;
110,	34.225398900,	109.010874200,	441.688000000,	 9.300000000,	0,	0,	0,	0,	0;
111,	34.225354440,	109.010903300,	441.734000000,	 9.457000000,	0,	0,	0,	0,	0;
112,	34.225309320,	109.010933000,	441.774000000,	 9.599000000,	0,	0,	0,	0,	0;
113,	34.225263820,	109.010963600,	441.840000000,	 9.717000000,	0,	0,	0,	0,	0;
114,	34.225218080,	109.010995000,	441.913000000,	 9.787000000,	0,	0,	0,	0,	0;
115,	34.225172510,	109.011027100,	441.997000000,	 9.771000000,	0,	0,	0,	0,	0;
116,	34.225127600,	109.011059500,	442.089000000,	 9.617000000,	0,	0,	0,	0,	0;
117,	34.225083310,	109.011091700,	442.192000000,	 9.562000000,	0,	0,	0,	0,	0;
118,	34.225038960,	109.011123800,	442.287000000,	 9.561000000,	0,	0,	0,	0,	0;
119,	34.224994490,	109.011155800,	442.387000000,	 9.575000000,	0,	0,	0,	0,	0;
120,	34.224949760,	109.011187700,	442.502000000,	 9.611000000,	0,	0,	0,	0,	0;
121,	34.224904940,	109.011219600,	442.663000000,	 9.630000000,	0,	0,	0,	0,	0;
122,	34.224860050,	109.011252000,	442.783000000,	 9.660000000,	0,	0,	0,	0,	0;
123,	34.224815090,	109.011284500,	442.911000000,	 9.672000000,	0,	0,	0,	0,	0;
124,	34.224770190,	109.011317300,	443.039000000,	 9.680000000,	0,	0,	0,	0,	0;
125,	34.224725440,	109.011350400,	443.144000000,	 9.673000000,	0,	0,	0,	0,	0;
126,	34.224680660,	109.011383500,	443.254000000,	 9.686000000,	0,	0,	0,	0,	0;
127,	34.224635740,	109.011416600,	443.379000000,	 9.743000000,	0,	0,	0,	0,	0;
128,	34.224590680,	109.011449800,	443.539000000,	 9.771000000,	0,	0,	0,	0,	0;
129,	34.224545390,	109.011482900,	443.681000000,	 9.827000000,	0,	0,	0,	0,	0;
130,	34.224500050,	109.011516200,	443.840000000,	 9.843000000,	0,	0,	0,	0,	0;
131,	34.224454610,	109.011549600,	443.983000000,	 9.886000000,	0,	0,	0,	0,	0;
132,	34.224408920,	109.011583200,	444.135000000,	 9.951000000,	0,	0,	0,	0,	0;
133,	34.224363010,	109.011617100,	444.281000000,	 9.966000000,	0,	0,	0,	0,	0;
134,	34.224317240,	109.011651000,	444.417000000,	 9.955000000,	0,	0,	0,	0,	0;
135,	34.224271310,	109.011684700,	444.586000000,	 9.937000000,	0,	0,	0,	0,	0;
136,	34.224225190,	109.011717900,	444.749000000,	 9.948000000,	0,	0,	0,	0,	0;
137,	34.224178900,	109.011751500,	444.895000000,	 9.996000000,	0,	0,	0,	0,	0;
138,	34.224136320,	109.011782600,	445.039000000,	10.044000000,	0,	0,	0,	0,	0;
139,	34.224093490,	109.011814100,	445.185000000,	10.081000000,	0,	0,	0,	0,	0;
140,	34.224050520,	109.011845400,	445.314000000,	10.089000000,	0,	0,	0,	0,	0;
141,	34.224007500,	109.011876600,	445.414000000,	10.086000000,	0,	0,	0,	0,	0;
142,	34.223964470,	109.011908100,	445.554000000,	10.098000000,	0,	0,	0,	0,	0;
143,	34.223921570,	109.011939800,	445.686000000,	10.132000000,	0,	0,	0,	0,	0;
144,	34.223878710,	109.011971900,	445.811000000,	10.161000000,	0,	0,	0,	0,	0;
145,	34.223835810,	109.012004000,	445.924000000,	10.161000000,	0,	0,	0,	0,	0;
146,	34.223792790,	109.012036000,	446.053000000,	10.179000000,	0,	0,	0,	0,	0;
147,	34.223749800,	109.012068000,	446.192000000,	10.164000000,	0,	0,	0,	0,	0;
148,	34.223706960,	109.012099800,	446.328000000,	10.127000000,	0,	0,	0,	0,	0;
149,	34.223664240,	109.012131200,	446.458000000,	10.058000000,	0,	0,	0,	0,	0;
150,	34.223621820,	109.012162300,	446.594000000,	10.014000000,	0,	0,	0,	0,	0;
151,	34.223575640,	109.012196200,	446.706000000,	10.001000000,	0,	0,	0,	0,	0;
152,	34.223529490,	109.012229900,	446.856000000,	 9.963000000,	0,	0,	0,	0,	0;
153,	34.223483560,	109.012263400,	447.011000000,	 9.917000000,	0,	0,	0,	0,	0;
154,	34.223437740,	109.012297000,	447.125000000,	 9.921000000,	0,	0,	0,	0,	0;
155,	34.223391890,	109.012330400,	447.217000000,	 9.943000000,	0,	0,	0,	0,	0;
156,	34.223346000,	109.012364300,	447.369000000,	 9.971000000,	0,	0,	0,	0,	0;
157,	34.223299810,	109.012398000,	447.536000000,	10.000000000,	0,	0,	0,	0,	0;
158,	34.223257410,	109.012429000,	447.688000000,	10.046000000,	0,	0,	0,	0,	0;
159,	34.223214830,	109.012460500,	447.818000000,	10.115000000,	0,	0,	0,	0,	0;
160,	34.223171850,	109.012492100,	447.935000000,	10.210000000,	0,	0,	0,	0,	0;
161,	34.223128350,	109.012523900,	448.059000000,	10.290000000,	0,	0,	0,	0,	0;
162,	34.223084740,	109.012556200,	448.220000000,	10.336000000,	0,	0,	0,	0,	0;
163,	34.223041060,	109.012588500,	448.369000000,	10.339000000,	0,	0,	0,	0,	0;
164,	34.222997420,	109.012620500,	448.526000000,	10.344000000,	0,	0,	0,	0,	0;
165,	34.222953620,	109.012652900,	448.684000000,	10.392000000,	0,	0,	0,	0,	0;
166,	34.222909600,	109.012685400,	448.828000000,	10.444000000,	0,	0,	0,	0,	0;
167,	34.222865510,	109.012718100,	449.014000000,	10.480000000,	0,	0,	0,	0,	0;
168,	34.222821140,	109.012750900,	449.155000000,	10.521000000,	0,	0,	0,	0,	0;
169,	34.222776590,	109.012783500,	449.298000000,	10.522000000,	0,	0,	0,	0,	0;
170,	34.222732160,	109.012815900,	449.439000000,	10.502000000,	0,	0,	0,	0,	0;
171,	34.222687830,	109.012848400,	449.561000000,	10.462000000,	0,	0,	0,	0,	0;
172,	34.222643780,	109.012880700,	449.702000000,	10.369000000,	0,	0,	0,	0,	0;
173,	34.222600050,	109.012912800,	449.855000000,	10.297000000,	0,	0,	0,	0,	0;
174,	34.222556610,	109.012944700,	449.982000000,	10.212000000,	0,	0,	0,	0,	0;
175,	34.222513650,	109.012976500,	450.142000000,	10.120000000,	0,	0,	0,	0,	0;
176,	34.222471030,	109.013008100,	450.320000000,	10.025000000,	0,	0,	0,	0,	0;
177,	34.222428730,	109.013039400,	450.493000000,	10.000000000,	0,	0,	0,	0,	0;
178,	34.222382580,	109.013073300,	450.653000000,	10.003000000,	0,	0,	0,	0,	0;
179,	34.222336340,	109.013107000,	450.792000000,	 9.984000000,	0,	0,	0,	0,	0;
180,	34.222290410,	109.013140800,	450.953000000,	 9.927000000,	0,	0,	0,	0,	0;
181,	34.222244730,	109.013174300,	451.118000000,	 9.872000000,	0,	0,	0,	0,	0;
182,	34.222199350,	109.013207700,	451.252000000,	 9.786000000,	0,	0,	0,	0,	0;
183,	34.222154370,	109.013240700,	451.388000000,	 9.684000000,	0,	0,	0,	0,	0;
184,	34.222109810,	109.013273300,	451.532000000,	 9.635000000,	0,	0,	0,	0,	0;
185,	34.222065630,	109.013305900,	451.671000000,	 9.542000000,	0,	0,	0,	0,	0;
186,	34.222022100,	109.013338300,	451.847000000,	 9.419000000,	0,	0,	0,	0,	0;
187,	34.221978840,	109.013370500,	451.995000000,	 9.390000000,	0,	0,	0,	0,	0;
188,	34.221935820,	109.013402700,	452.132000000,	 9.338000000,	0,	0,	0,	0,	0;
189,	34.221892900,	109.013434900,	452.269000000,	 9.385000000,	0,	0,	0,	0,	0;
190,	34.221849590,	109.013467200,	452.428000000,	 9.418000000,	0,	0,	0,	0,	0;
191,	34.221806200,	109.013499400,	452.580000000,	 9.443000000,	0,	0,	0,	0,	0;
192,	34.221762600,	109.013531600,	452.718000000,	 9.458000000,	0,	0,	0,	0,	0;
193,	34.221718680,	109.013563900,	452.876000000,	 9.533000000,	0,	0,	0,	0,	0;
194,	34.221674260,	109.013596000,	453.030000000,	 9.596000000,	0,	0,	0,	0,	0;
195,	34.221629480,	109.013628300,	453.192000000,	 9.675000000,	0,	0,	0,	0,	0;
196,	34.221584270,	109.013660900,	453.341000000,	 9.803000000,	0,	0,	0,	0,	0;
197,	34.221538780,	109.013694000,	453.503000000,	 9.868000000,	0,	0,	0,	0,	0;
198,	34.221493150,	109.013727400,	453.658000000,	 9.916000000,	0,	0,	0,	0,	0;
199,	34.221447220,	109.013761000,	453.804000000,	 9.969000000,	0,	0,	0,	0,	0;
200,	34.221400990,	109.013794800,	453.938000000,	10.017000000,	0,	0,	0,	0,	0;
201,	34.221358400,	109.013826000,	454.075000000,	10.062000000,	0,	0,	0,	0,	0;
202,	34.221315510,	109.013857400,	454.195000000,	10.138000000,	0,	0,	0,	0,	0;
203,	34.221272390,	109.013889200,	454.346000000,	10.195000000,	0,	0,	0,	0,	0;
204,	34.221229100,	109.013921200,	454.484000000,	10.235000000,	0,	0,	0,	0,	0;
205,	34.221185650,	109.013953200,	454.648000000,	10.270000000,	0,	0,	0,	0,	0;
206,	34.221142020,	109.013985200,	454.793000000,	10.291000000,	0,	0,	0,	0,	0;
207,	34.221098280,	109.014017200,	454.930000000,	10.320000000,	0,	0,	0,	0,	0;
208,	34.221054410,	109.014049100,	455.107000000,	10.324000000,	0,	0,	0,	0,	0;
209,	34.221010510,	109.014081000,	455.281000000,	10.333000000,	0,	0,	0,	0,	0;
210,	34.220966620,	109.014112800,	455.430000000,	10.326000000,	0,	0,	0,	0,	0;
211,	34.220922860,	109.014144700,	455.565000000,	10.274000000,	0,	0,	0,	0,	0;
212,	34.220879270,	109.014176500,	455.696000000,	10.294000000,	0,	0,	0,	0,	0;
213,	34.220835550,	109.014208500,	455.832000000,	10.310000000,	0,	0,	0,	0,	0;
214,	34.220791730,	109.014240600,	455.962000000,	10.321000000,	0,	0,	0,	0,	0;
215,	34.220748020,	109.014272600,	456.121000000,	10.298000000,	0,	0,	0,	0,	0;
216,	34.220704600,	109.014304400,	456.268000000,	10.223000000,	0,	0,	0,	0,	0;
217,	34.220661210,	109.014335900,	456.417000000,	10.205000000,	0,	0,	0,	0,	0;
218,	34.220617750,	109.014367200,	456.536000000,	10.175000000,	0,	0,	0,	0,	0;
219,	34.220574460,	109.014398200,	456.664000000,	10.143000000,	0,	0,	0,	0,	0;
220,	34.220531190,	109.014429200,	456.811000000,	10.174000000,	0,	0,	0,	0,	0;
221,	34.220487830,	109.014460200,	456.959000000,	10.214000000,	0,	0,	0,	0,	0;
222,	34.220444350,	109.014491400,	457.105000000,	10.262000000,	0,	0,	0,	0,	0;
223,	34.220400760,	109.014522700,	457.267000000,	10.251000000,	0,	0,	0,	0,	0;
224,	34.220357350,	109.014553900,	457.398000000,	10.166000000,	0,	0,	0,	0,	0;
225,	34.220314540,	109.014584700,	457.539000000,	 9.989000000,	0,	0,	0,	0,	0;
226,	34.220268930,	109.014617500,	457.695000000,	 9.690000000,	0,	0,	0,	0,	0;
227,	34.220224740,	109.014649200,	457.827000000,	 9.372000000,	0,	0,	0,	0,	0;
228,	34.220182090,	109.014679900,	457.948000000,	 9.041000000,	0,	0,	0,	0,	0;
229,	34.220137720,	109.014712100,	458.083000000,	 8.652000000,	0,	0,	0,	0,	0;
230,	34.220095400,	109.014742800,	458.229000000,	 8.267000000,	0,	0,	0,	0,	0;
231,	34.220051690,	109.014774400,	458.339000000,	 7.948000000,	0,	0,	0,	0,	0;
232,	34.220009330,	109.014804800,	458.454000000,	 7.697000000,	0,	0,	0,	0,	0;
233,	34.219965460,	109.014836200,	458.584000000,	 7.401000000,	0,	0,	0,	0,	0;
234,	34.219923390,	109.014866200,	458.706000000,	 7.066000000,	0,	0,	0,	0,	0;
235,	34.219880700,	109.014896400,	458.849000000,	 6.676000000,	0,	0,	0,	0,	0;
236,	34.219838290,	109.014926200,	458.966000000,	 6.219000000,	0,	0,	0,	0,	0;
237,	34.219796660,	109.014955500,	459.074000000,	 5.671000000,	0,	0,	0,	0,	0;
238,	34.219754460,	109.014984100,	459.217000000,	 5.014000000,	0,	0,	0,	0,	0;
239,	34.219711530,	109.015010300,	459.364000000,	 4.412000000,	0,	0,	0,	0,	0;
240,	34.219667930,	109.015032400,	459.506000000,	 3.978000000,	0,	0,	0,	0,	0;
241,	34.219623080,	109.015051300,	459.612000000,	 3.583000000,	0,	0,	0,	0,	0;
242,	34.219579310,	109.015073600,	459.756000000,	 2.801000000,	0,	0,	0,	0,	0;
243,	34.219544830,	109.015109200,	459.878000000,	 0.723000000,	0,	0,	0,	0,	0;
244,	34.219527980,	109.015160500,	459.947000000,	 1.236000000,	0,	0,	0,	0,	0;
245,	34.219537650,	109.015214300,	460.072000000,	 1.244000000,	0,	0,	0,	0,	0;
246,	34.219572220,	109.015251900,	460.082000000,	 2.658000000,	0,	0,	0,	0,	0;
247,	34.219619190,	109.015260400,	459.953000000,	 3.515000000,	0,	0,	0,	0,	0;
248,	34.219666650,	109.015248400,	459.837000000,	 4.521000000,	0,	0,	0,	0,	0;
249,	34.219711230,	109.015223000,	459.732000000,	 5.400000000,	0,	0,	0,	0,	0;
250,	34.219754040,	109.015194000,	459.600000000,	 6.121000000,	0,	0,	0,	0,	0;
251,	34.219796850,	109.015164100,	459.475000000,	 6.760000000,	0,	0,	0,	0,	0;
252,	34.219840590,	109.015133200,	459.328000000,	 7.300000000,	0,	0,	0,	0,	0;
253,	34.219884550,	109.015101800,	459.182000000,	 7.811000000,	0,	0,	0,	0,	0;
254,	34.219928560,	109.015070000,	459.068000000,	 8.400000000,	0,	0,	0,	0,	0;
255,	34.219972090,	109.015038700,	458.896000000,	 8.872000000,	0,	0,	0,	0,	0;
256,	34.220017810,	109.015005400,	458.717000000,	 9.343000000,	0,	0,	0,	0,	0;
257,	34.220061920,	109.014973300,	458.558000000,	 9.717000000,	0,	0,	0,	0,	0;
258,	34.220107710,	109.014940000,	458.380000000,	10.050000000,	0,	0,	0,	0,	0;
259,	34.220151000,	109.014908600,	458.222000000,	10.320000000,	0,	0,	0,	0,	0;
260,	34.220195450,	109.014876700,	458.069000000,	10.562000000,	0,	0,	0,	0,	0;
261,	34.220240900,	109.014844200,	457.908000000,	10.792000000,	0,	0,	0,	0,	0;
262,	34.220287380,	109.014810700,	457.755000000,	11.050000000,	0,	0,	0,	0,	0;
263,	34.220330380,	109.014779600,	457.614000000,	11.246000000,	0,	0,	0,	0,	0;
264,	34.220374180,	109.014748000,	457.473000000,	11.441000000,	0,	0,	0,	0,	0;
265,	34.220418600,	109.014715500,	457.334000000,	11.627000000,	0,	0,	0,	0,	0;
266,	34.220463590,	109.014682500,	457.205000000,	11.791000000,	0,	0,	0,	0,	0;
267,	34.220509170,	109.014648900,	457.072000000,	11.964000000,	0,	0,	0,	0,	0;
268,	34.220555400,	109.014614700,	456.969000000,	12.099000000,	0,	0,	0,	0,	0;
269,	34.220602020,	109.014580100,	456.856000000,	12.224000000,	0,	0,	0,	0,	0;
270,	34.220649230,	109.014545200,	456.713000000,	12.365000000,	0,	0,	0,	0,	0;
271,	34.220697080,	109.014510200,	456.559000000,	12.494000000,	0,	0,	0,	0,	0;
272,	34.220740620,	109.014478400,	456.406000000,	12.623000000,	0,	0,	0,	0,	0;
273,	34.220784650,	109.014446400,	456.258000000,	12.744000000,	0,	0,	0,	0,	0;
274,	34.220829100,	109.014413900,	456.092000000,	12.888000000,	0,	0,	0,	0,	0;
275,	34.220873970,	109.014381000,	455.922000000,	13.011000000,	0,	0,	0,	0,	0;
276,	34.220919200,	109.014347900,	455.748000000,	13.127000000,	0,	0,	0,	0,	0;
277,	34.220964790,	109.014314300,	455.574000000,	13.225000000,	0,	0,	0,	0,	0;
278,	34.221010680,	109.014280500,	455.417000000,	13.319000000,	0,	0,	0,	0,	0;
279,	34.221056860,	109.014246300,	455.243000000,	13.416000000,	0,	0,	0,	0,	0;
280,	34.221103400,	109.014211800,	455.061000000,	13.519000000,	0,	0,	0,	0,	0;
281,	34.221150240,	109.014177100,	454.899000000,	13.600000000,	0,	0,	0,	0,	0;
282,	34.221197380,	109.014142200,	454.755000000,	13.662000000,	0,	0,	0,	0,	0;
283,	34.221244860,	109.014107400,	454.601000000,	13.753000000,	0,	0,	0,	0,	0;
284,	34.221292780,	109.014072400,	454.451000000,	13.838000000,	0,	0,	0,	0,	0;
285,	34.221340970,	109.014037200,	454.297000000,	13.916000000,	0,	0,	0,	0,	0;
286,	34.221389480,	109.014001700,	454.129000000,	13.996000000,	0,	0,	0,	0,	0;
287,	34.221438170,	109.013966000,	453.959000000,	14.056000000,	0,	0,	0,	0,	0;
288,	34.221486980,	109.013930100,	453.797000000,	14.113000000,	0,	0,	0,	0,	0;
289,	34.221536040,	109.013894000,	453.628000000,	14.204000000,	0,	0,	0,	0,	0;
290,	34.221585360,	109.013857800,	453.470000000,	14.273000000,	0,	0,	0,	0,	0;
291,	34.221629460,	109.013825500,	453.310000000,	14.333000000,	0,	0,	0,	0,	0;
292,	34.221673720,	109.013793200,	453.172000000,	14.359000000,	0,	0,	0,	0,	0;
293,	34.221718000,	109.013760800,	453.020000000,	14.377000000,	0,	0,	0,	0,	0;
294,	34.221762310,	109.013728300,	452.873000000,	14.374000000,	0,	0,	0,	0,	0;
295,	34.221806580,	109.013695800,	452.733000000,	14.372000000,	0,	0,	0,	0,	0;
296,	34.221850830,	109.013663400,	452.593000000,	14.370000000,	0,	0,	0,	0,	0;
297,	34.221895070,	109.013631100,	452.461000000,	14.368000000,	0,	0,	0,	0,	0;
298,	34.221939340,	109.013598600,	452.326000000,	14.403000000,	0,	0,	0,	0,	0;
299,	34.221983740,	109.013565900,	452.178000000,	14.467000000,	0,	0,	0,	0,	0;
300,	34.222028240,	109.013533000,	452.032000000,	14.530000000,	0,	0,	0,	0,	0;
301,	34.222072820,	109.013499700,	451.909000000,	14.568000000,	0,	0,	0,	0,	0;
302,	34.222117590,	109.013466400,	451.775000000,	14.610000000,	0,	0,	0,	0,	0;
303,	34.222162410,	109.013433000,	451.642000000,	14.630000000,	0,	0,	0,	0,	0;
304,	34.222207360,	109.013399700,	451.481000000,	14.645000000,	0,	0,	0,	0,	0;
305,	34.222252390,	109.013366500,	451.345000000,	14.635000000,	0,	0,	0,	0,	0;
306,	34.222297520,	109.013333500,	451.219000000,	14.624000000,	0,	0,	0,	0,	0;
307,	34.222342700,	109.013300700,	451.055000000,	14.631000000,	0,	0,	0,	0,	0;
308,	34.222387890,	109.013267900,	450.904000000,	14.618000000,	0,	0,	0,	0,	0;
309,	34.222432940,	109.013235000,	450.752000000,	14.614000000,	0,	0,	0,	0,	0;
310,	34.222477870,	109.013201900,	450.617000000,	14.591000000,	0,	0,	0,	0,	0;
311,	34.222522620,	109.013168800,	450.484000000,	14.513000000,	0,	0,	0,	0,	0;
312,	34.222566980,	109.013135800,	450.342000000,	14.361000000,	0,	0,	0,	0,	0;
313,	34.222610950,	109.013103300,	450.205000000,	14.264000000,	0,	0,	0,	0,	0;
314,	34.222660330,	109.013067000,	450.061000000,	14.238000000,	0,	0,	0,	0,	0;
315,	34.222709740,	109.013030900,	449.921000000,	14.229000000,	0,	0,	0,	0,	0;
316,	34.222759200,	109.012995000,	449.764000000,	14.221000000,	0,	0,	0,	0,	0;
317,	34.222808360,	109.012958800,	449.595000000,	14.129000000,	0,	0,	0,	0,	0;
318,	34.222856980,	109.012922800,	449.436000000,	13.986000000,	0,	0,	0,	0,	0;
319,	34.222905020,	109.012887700,	449.281000000,	13.698000000,	0,	0,	0,	0,	0;
320,	34.222951940,	109.012853600,	449.142000000,	13.321000000,	0,	0,	0,	0,	0;
321,	34.222997500,	109.012820500,	449.012000000,	12.877000000,	0,	0,	0,	0,	0;
322,	34.223041240,	109.012788500,	448.863000000,	12.302000000,	0,	0,	0,	0,	0;
323,	34.223087210,	109.012753800,	448.727000000,	11.796000000,	0,	0,	0,	0,	0;
324,	34.223131200,	109.012718900,	448.612000000,	11.532000000,	0,	0,	0,	0,	0;
325,	34.223172870,	109.012684000,	448.491000000,	10.982000000,	0,	0,	0,	0,	0;
326,	34.223215860,	109.012645900,	448.351000000,	10.666000000,	0,	0,	0,	0,	0;
327,	34.223257630,	109.012607400,	448.215000000,	10.597000000,	0,	0,	0,	0,	0;
328,	34.223299280,	109.012569600,	448.084000000,	10.553000000,	0,	0,	0,	0,	0;
329,	34.223341780,	109.012533400,	447.934000000,	10.529000000,	0,	0,	0,	0,	0;
330,	34.223385340,	109.012498400,	447.795000000,	10.607000000,	0,	0,	0,	0,	0;
331,	34.223430050,	109.012464100,	447.661000000,	10.775000000,	0,	0,	0,	0,	0;
332,	34.223476030,	109.012429900,	447.507000000,	10.996000000,	0,	0,	0,	0,	0;
333,	34.223523000,	109.012395300,	447.342000000,	11.194000000,	0,	0,	0,	0,	0;
334,	34.223566610,	109.012363600,	447.187000000,	11.376000000,	0,	0,	0,	0,	0;
335,	34.223610880,	109.012331400,	447.027000000,	11.536000000,	0,	0,	0,	0,	0;
336,	34.223655790,	109.012298900,	446.851000000,	11.681000000,	0,	0,	0,	0,	0;
337,	34.223701230,	109.012266000,	446.682000000,	11.821000000,	0,	0,	0,	0,	0;
338,	34.223747140,	109.012232400,	446.508000000,	11.967000000,	0,	0,	0,	0,	0;
339,	34.223793640,	109.012198600,	446.347000000,	12.088000000,	0,	0,	0,	0,	0;
340,	34.223840540,	109.012164200,	446.184000000,	12.203000000,	0,	0,	0,	0,	0;
341,	34.223887770,	109.012129400,	446.026000000,	12.303000000,	0,	0,	0,	0,	0;
342,	34.223935360,	109.012094500,	445.872000000,	12.397000000,	0,	0,	0,	0,	0;
343,	34.223983210,	109.012059400,	445.730000000,	12.476000000,	0,	0,	0,	0,	0;
344,	34.224026410,	109.012027400,	445.597000000,	12.542000000,	0,	0,	0,	0,	0;
345,	34.224069780,	109.011995200,	445.468000000,	12.603000000,	0,	0,	0,	0,	0;
346,	34.224113490,	109.011963000,	445.331000000,	12.661000000,	0,	0,	0,	0,	0;
347,	34.224157490,	109.011930900,	445.196000000,	12.711000000,	0,	0,	0,	0,	0;
348,	34.224201610,	109.011898600,	445.070000000,	12.733000000,	0,	0,	0,	0,	0;
349,	34.224245820,	109.011866300,	444.937000000,	12.762000000,	0,	0,	0,	0,	0;
350,	34.224289900,	109.011833700,	444.826000000,	12.770000000,	0,	0,	0,	0,	0;
351,	34.224334020,	109.011801000,	444.686000000,	12.782000000,	0,	0,	0,	0,	0;
352,	34.224378170,	109.011768300,	444.550000000,	12.784000000,	0,	0,	0,	0,	0;
353,	34.224422380,	109.011735500,	444.415000000,	12.830000000,	0,	0,	0,	0,	0;
354,	34.224466850,	109.011702500,	444.282000000,	12.934000000,	0,	0,	0,	0,	0;
355,	34.224511640,	109.011669300,	444.136000000,	13.027000000,	0,	0,	0,	0,	0;
356,	34.224556820,	109.011636300,	443.955000000,	13.062000000,	0,	0,	0,	0,	0;
357,	34.224601900,	109.011602900,	443.832000000,	13.037000000,	0,	0,	0,	0,	0;
358,	34.224646620,	109.011569300,	443.708000000,	13.002000000,	0,	0,	0,	0,	0;
359,	34.224691430,	109.011535900,	443.556000000,	12.981000000,	0,	0,	0,	0,	0;
360,	34.224736300,	109.011502900,	443.392000000,	12.946000000,	0,	0,	0,	0,	0;
361,	34.224780940,	109.011469700,	443.244000000,	12.908000000,	0,	0,	0,	0,	0;
362,	34.224825500,	109.011436700,	443.114000000,	12.872000000,	0,	0,	0,	0,	0;
363,	34.224870170,	109.011404200,	442.984000000,	12.864000000,	0,	0,	0,	0,	0;
364,	34.224914970,	109.011371800,	442.845000000,	12.879000000,	0,	0,	0,	0,	0;
365,	34.224959920,	109.011339700,	442.734000000,	12.884000000,	0,	0,	0,	0,	0;
366,	34.225004950,	109.011307700,	442.609000000,	12.886000000,	0,	0,	0,	0,	0;
367,	34.225049710,	109.011275200,	442.506000000,	12.858000000,	0,	0,	0,	0,	0;
368,	34.225094300,	109.011242600,	442.426000000,	12.836000000,	0,	0,	0,	0,	0;
369,	34.225138640,	109.011209900,	442.363000000,	12.816000000,	0,	0,	0,	0,	0;
370,	34.225182960,	109.011177400,	442.328000000,	12.804000000,	0,	0,	0,	0,	0;
371,	34.225226990,	109.011144900,	442.262000000,	12.772000000,	0,	0,	0,	0,	0;
372,	34.225270780,	109.011112600,	442.189000000,	12.714000000,	0,	0,	0,	0,	0;
373,	34.225314180,	109.011080100,	442.150000000,	12.664000000,	0,	0,	0,	0,	0;
374,	34.225357830,	109.011048000,	442.097000000,	12.614000000,	0,	0,	0,	0,	0;
375,	34.225401410,	109.011016200,	442.062000000,	12.574000000,	0,	0,	0,	0,	0;
376,	34.225444720,	109.010984400,	442.093000000,	12.499000000,	0,	0,	0,	0,	0;
377,	34.225492600,	109.010949400,	442.084000000,	12.416000000,	0,	0,	0,	0,	0;
378,	34.225540300,	109.010914600,	442.074000000,	12.360000000,	0,	0,	0,	0,	0;
379,	34.225587910,	109.010880200,	442.043000000,	12.295000000,	0,	0,	0,	0,	0;
380,	34.225635390,	109.010846000,	441.933000000,	12.227000000,	0,	0,	0,	0,	0;
381,	34.225682600,	109.010812300,	441.880000000,	12.105000000,	0,	0,	0,	0,	0;
382,	34.225729500,	109.010779200,	441.857000000,	12.029000000,	0,	0,	0,	0,	0;
383,	34.225776530,	109.010746700,	441.819000000,	11.988000000,	0,	0,	0,	0,	0;
384,	34.225823640,	109.010714800,	441.801000000,	11.973000000,	0,	0,	0,	0,	0;
385,	34.225870990,	109.010683500,	441.724000000,	11.978000000,	0,	0,	0,	0,	0;
386,	34.225918420,	109.010652400,	441.721000000,	11.974000000,	0,	0,	0,	0,	0;
387,	34.225965920,	109.010621600,	441.725000000,	11.957000000,	0,	0,	0,	0,	0;
388,	34.226013330,	109.010590900,	441.735000000,	11.970000000,	0,	0,	0,	0,	0;
389,	34.226060700,	109.010560200,	441.687000000,	11.935000000,	0,	0,	0,	0,	0;
390,	34.226108450,	109.010530400,	441.591000000,	11.930000000,	0,	0,	0,	0,	0;
391,	34.226156510,	109.010501600,	441.495000000,	11.906000000,	0,	0,	0,	0,	0;
392,	34.226204680,	109.010473500,	441.421000000,	11.872000000,	0,	0,	0,	0,	0;
393,	34.226252800,	109.010445500,	441.377000000,	11.866000000,	0,	0,	0,	0,	0;
394,	34.226300900,	109.010417300,	441.337000000,	11.871000000,	0,	0,	0,	0,	0;
395,	34.226348930,	109.010388800,	441.296000000,	11.885000000,	0,	0,	0,	0,	0;
396,	34.226396980,	109.010360300,	441.238000000,	11.922000000,	0,	0,	0,	0,	0;
397,	34.226445240,	109.010331500,	441.176000000,	11.968000000,	0,	0,	0,	0,	0;
398,	34.226493430,	109.010302200,	441.123000000,	11.975000000,	0,	0,	0,	0,	0;
399,	34.226541320,	109.010272400,	441.097000000,	11.952000000,	0,	0,	0,	0,	0;
400,	34.226589020,	109.010242500,	441.074000000,	11.908000000,	0,	0,	0,	0,	0;
401,	34.226636600,	109.010212900,	441.052000000,	11.850000000,	0,	0,	0,	0,	0;
402,	34.226684030,	109.010183800,	441.024000000,	11.777000000,	0,	0,	0,	0,	0;
403,	34.226731230,	109.010154900,	440.980000000,	11.748000000,	0,	0,	0,	0,	0;
404,	34.226778410,	109.010126000,	440.952000000,	11.753000000,	0,	0,	0,	0,	0;
405,	34.226825500,	109.010096600,	440.933000000,	11.764000000,	0,	0,	0,	0,	0;
406,	34.226872360,	109.010066500,	440.917000000,	11.793000000,	0,	0,	0,	0,	0;
407,	34.226919180,	109.010036000,	440.894000000,	11.826000000,	0,	0,	0,	0,	0;
408,	34.226966050,	109.010004900,	440.864000000,	11.892000000,	0,	0,	0,	0,	0;
409,	34.227013060,	109.009973500,	440.829000000,	11.943000000,	0,	0,	0,	0,	0;
410,	34.227060310,	109.009942100,	440.799000000,	11.994000000,	0,	0,	0,	0,	0;
411,	34.227107870,	109.009910700,	440.784000000,	12.054000000,	0,	0,	0,	0,	0;
412,	34.227155740,	109.009879500,	440.762000000,	12.094000000,	0,	0,	0,	0,	0;
413,	34.227203930,	109.009848400,	440.732000000,	12.167000000,	0,	0,	0,	0,	0;
414,	34.227252420,	109.009817400,	440.695000000,	12.208000000,	0,	0,	0,	0,	0;
415,	34.227301130,	109.009786400,	440.648000000,	12.218000000,	0,	0,	0,	0,	0;
416,	34.227349870,	109.009755700,	440.626000000,	12.201000000,	0,	0,	0,	0,	0;
417,	34.227398670,	109.009725400,	440.643000000,	12.187000000,	0,	0,	0,	0,	0;
418,	34.227447560,	109.009695500,	440.591000000,	12.155000000,	0,	0,	0,	0,	0;
419,	34.227496340,	109.009665900,	440.554000000,	12.077000000,	0,	0,	0,	0,	0;
420,	34.227544700,	109.009636400,	440.522000000,	11.986000000,	0,	0,	0,	0,	0;
421,	34.227592650,	109.009607100,	440.468000000,	11.884000000,	0,	0,	0,	0,	0;
422,	34.227640140,	109.009578100,	440.466000000,	11.752000000,	0,	0,	0,	0,	0;
423,	34.227687250,	109.009549400,	440.457000000,	11.638000000,	0,	0,	0,	0,	0;
424,	34.227733990,	109.009521100,	440.421000000,	11.520000000,	0,	0,	0,	0,	0;
425,	34.227779950,	109.009493300,	440.376000000,	11.291000000,	0,	0,	0,	0,	0;
426,	34.227825010,	109.009466000,	440.330000000,	11.107000000,	0,	0,	0,	0,	0;
427,	34.227873610,	109.009436600,	440.298000000,	10.796000000,	0,	0,	0,	0,	0;
428,	34.227920650,	109.009408300,	440.255000000,	10.508000000,	0,	0,	0,	0,	0;
429,	34.227966820,	109.009380400,	440.204000000,	10.380000000,	0,	0,	0,	0,	0;
430,	34.228012140,	109.009352900,	440.161000000,	10.110000000,	0,	0,	0,	0,	0;
431,	34.228059170,	109.009324200,	440.155000000,	 9.326000000,	0,	0,	0,	0,	0;
432,	34.228105590,	109.009295900,	440.114000000,	 8.607000000,	0,	0,	0,	0,	0;
433,	34.228149690,	109.009268900,	440.109000000,	 8.307000000,	0,	0,	0,	0,	0;
434,	34.228195570,	109.009240700,	440.076000000,	 8.039000000,	0,	0,	0,	0,	0;
435,	34.228240030,	109.009213500,	440.030000000,	 7.823000000,	0,	0,	0,	0,	0;
436,	34.228283660,	109.009187000,	440.003000000,	 7.730000000,	0,	0,	0,	0,	0;
437,	34.228327320,	109.009160800,	439.971000000,	 7.734000000,	0,	0,	0,	0,	0;
438,	34.228371140,	109.009134600,	439.919000000,	 7.757000000,	0,	0,	0,	0,	0;
439,	34.228415050,	109.009108500,	439.891000000,	 7.747000000,	0,	0,	0,	0,	0;
440,	34.228458750,	109.009082700,	439.856000000,	 7.669000000,	0,	0,	0,	0,	0;
441,	34.228504930,	109.009055200,	439.816000000,	 7.543000000,	0,	0,	0,	0,	0;
442,	34.228550140,	109.009028200,	439.762000000,	 7.390000000,	0,	0,	0,	0,	0;
443,	34.228594550,	109.009001600,	439.697000000,	 7.322000000,	0,	0,	0,	0,	0;
444,	34.228638700,	109.008975100,	439.655000000,	 7.307000000,	0,	0,	0,	0,	0;
445,	34.228682830,	109.008948500,	439.659000000,	 7.319000000,	0,	0,	0,	0,	0;
446,	34.228727490,	109.008921700,	439.619000000,	 7.468000000,	0,	0,	0,	0,	0;
447,	34.228773280,	109.008894400,	439.578000000,	 7.656000000,	0,	0,	0,	0,	0;
448,	34.228817090,	109.008868100,	439.496000000,	 7.894000000,	0,	0,	0,	0,	0;
449,	34.228862040,	109.008840800,	439.412000000,	 8.107000000,	0,	0,	0,	0,	0;
450,	34.228908040,	109.008812600,	439.296000000,	 8.268000000,	0,	0,	0,	0,	0;
451,	34.228954800,	109.008783800,	439.146000000,	 8.396000000,	0,	0,	0,	0,	0;
452,	34.228998830,	109.008756700,	438.984000000,	 8.478000000,	0,	0,	0,	0,	0;
453,	34.229043220,	109.008729500,	438.801000000,	 8.521000000,	0,	0,	0,	0,	0;
454,	34.229087740,	109.008702400,	438.633000000,	 8.533000000,	0,	0,	0,	0,	0;
455,	34.229132280,	109.008675200,	438.437000000,	 8.525000000,	0,	0,	0,	0,	0;
456,	34.229176390,	109.008648200,	438.192000000,	 8.464000000,	0,	0,	0,	0,	0;
457,	34.229220770,	109.008621200,	437.887000000,	 8.516000000,	0,	0,	0,	0,	0;
458,	34.229265460,	109.008594000,	437.596000000,	 8.558000000,	0,	0,	0,	0,	0;
459,	34.229310590,	109.008566800,	437.255000000,	 8.633000000,	0,	0,	0,	0,	0;
460,	34.229356130,	109.008539500,	436.910000000,	 8.718000000,	0,	0,	0,	0,	0;
461,	34.229402120,	109.008512000,	436.569000000,	 8.741000000,	0,	0,	0,	0,	0;
462,	34.229446450,	109.008485300,	436.256000000,	 8.075000000,	0,	0,	0,	0,	0;
463,	34.229492390,	109.008458100,	435.926000000,	 7.045000000,	0,	0,	0,	0,	0;
464,	34.229536890,	109.008432500,	435.622000000,	 5.828000000,	0,	0,	0,	0,	0;
465,	34.229580860,	109.008407600,	435.326000000,	 4.478000000,	0,	0,	0,	0,	0;
466,	34.229622470,	109.008383100,	435.064000000,	 2.659000000,	0,	0,	0,	0,	0;
467,	34.229659220,	109.008349600,	434.744000000,	 1.787000000,	0,	0,	0,	0,	0;
468,	34.229666980,	109.008294500,	434.591000000,	 2.132000000,	0,	0,	0,	0,	0;
469,	34.229632550,	109.008255900,	434.670000000,	 2.901000000,	0,	0,	0,	0,	0;
470,	34.229584440,	109.008254500,	434.997000000,	 3.795000000,	0,	0,	0,	0,	0;
471,	34.229538750,	109.008272300,	435.283000000,	 4.531000000,	0,	0,	0,	0,	0;
472,	34.229495160,	109.008295200,	435.622000000,	 5.041000000,	0,	0,	0,	0,	0;
473,	34.229450200,	109.008321800,	435.995000000,	 5.534000000,	0,	0,	0,	0,	0;
474,	34.229405800,	109.008348600,	436.313000000,	 5.937000000,	0,	0,	0,	0,	0;
475,	34.229362420,	109.008375000,	436.660000000,	 6.061000000,	0,	0,	0,	0,	0;
476,	34.229318200,	109.008402300,	436.988000000,	 6.228000000,	0,	0,	0,	0,	0;
477,	34.229274630,	109.008428600,	437.347000000,	 6.433000000,	0,	0,	0,	0,	0;
478,	34.229229740,	109.008454800,	437.637000000,	 6.681000000,	0,	0,	0,	0,	0;
479,	34.229185980,	109.008480200,	437.921000000,	 6.850000000,	0,	0,	0,	0,	0;
480,	34.229140800,	109.008506800,	438.184000000,	 6.988000000,	0,	0,	0,	0,	0;
481,	34.229094890,	109.008533600,	438.394000000,	 7.077000000,	0,	0,	0,	0,	0;
482,	34.229048640,	109.008560700,	438.620000000,	 7.144000000,	0,	0,	0,	0,	0;
483,	34.229004890,	109.008585900,	438.794000000,	 7.190000000,	0,	0,	0,	0,	0;
484,	34.228961170,	109.008611700,	438.987000000,	 7.245000000,	0,	0,	0,	0,	0;
485,	34.228917240,	109.008638500,	439.183000000,	 7.293000000,	0,	0,	0,	0,	0;
486,	34.228873410,	109.008665800,	439.342000000,	 7.280000000,	0,	0,	0,	0,	0;
487,	34.228830160,	109.008692800,	439.460000000,	 7.122000000,	0,	0,	0,	0,	0;
488,	34.228785650,	109.008720700,	439.574000000,	 6.828000000,	0,	0,	0,	0,	0;
489,	34.228740500,	109.008748500,	439.669000000,	 6.386000000,	0,	0,	0,	0,	0;
490,	34.228697440,	109.008773800,	439.731000000,	 5.388000000,	0,	0,	0,	0,	0;
491,	34.228652640,	109.008795900,	439.764000000,	 4.609000000,	0,	0,	0,	0,	0;
492,	34.228605580,	109.008808300,	439.794000000,	 4.334000000,	0,	0,	0,	0,	0;
493,	34.228557740,	109.008807900,	439.790000000,	 4.154000000,	0,	0,	0,	0,	0;
494,	34.228510610,	109.008795100,	439.803000000,	 4.173000000,	0,	0,	0,	0,	0;
495,	34.228466570,	109.008771300,	439.829000000,	 4.463000000,	0,	0,	0,	0,	0;
496,	34.228426530,	109.008738700,	439.846000000,	 4.884000000,	0,	0,	0,	0,	0;
497,	34.228390920,	109.008700600,	439.862000000,	 5.243000000,	0,	0,	0,	0,	0;
498,	34.228357770,	109.008657200,	439.881000000,	 5.638000000,	0,	0,	0,	0,	0;
499,	34.228327220,	109.008610200,	439.926000000,	 5.947000000,	0,	0,	0,	0,	0;
500,	34.228298850,	109.008561500,	439.988000000,	 6.179000000,	0,	0,	0,	0,	0;
501,	34.228272750,	109.008512700,	440.029000000,	 6.385000000,	0,	0,	0,	0,	0;
502,	34.228246970,	109.008461900,	440.069000000,	 6.512000000,	0,	0,	0,	0,	0;
503,	34.228221070,	109.008409700,	440.107000000,	 6.689000000,	0,	0,	0,	0,	0;
504,	34.228196090,	109.008359100,	440.152000000,	 6.889000000,	0,	0,	0,	0,	0;
505,	34.228169780,	109.008307300,	440.184000000,	 7.078000000,	0,	0,	0,	0,	0;
506,	34.228144270,	109.008257600,	440.248000000,	 7.240000000,	0,	0,	0,	0,	0;
507,	34.228118410,	109.008207100,	440.306000000,	 7.301000000,	0,	0,	0,	0,	0;
508,	34.228092490,	109.008155900,	440.369000000,	 7.395000000,	0,	0,	0,	0,	0;
509,	34.228066450,	109.008103900,	440.406000000,	 7.552000000,	0,	0,	0,	0,	0;
510,	34.228039300,	109.008050800,	440.467000000,	 7.766000000,	0,	0,	0,	0,	0;
511,	34.228013000,	109.008000300,	440.517000000,	 7.936000000,	0,	0,	0,	0,	0;
512,	34.227986080,	109.007949000,	440.570000000,	 8.073000000,	0,	0,	0,	0,	0;
513,	34.227958540,	109.007897100,	440.610000000,	 8.162000000,	0,	0,	0,	0,	0;
514,	34.227930860,	109.007844500,	440.666000000,	 8.248000000,	0,	0,	0,	0,	0;
515,	34.227902980,	109.007791200,	440.728000000,	 8.347000000,	0,	0,	0,	0,	0;
516,	34.227876980,	109.007741100,	440.764000000,	 8.417000000,	0,	0,	0,	0,	0;
517,	34.227850880,	109.007690600,	440.833000000,	 8.499000000,	0,	0,	0,	0,	0;
518,	34.227824630,	109.007639300,	440.907000000,	 8.593000000,	0,	0,	0,	0,	0;
519,	34.227798250,	109.007587400,	440.955000000,	 8.665000000,	0,	0,	0,	0,	0;
520,	34.227771710,	109.007535100,	441.005000000,	 8.724000000,	0,	0,	0,	0,	0;
521,	34.227745290,	109.007482300,	441.042000000,	 8.777000000,	0,	0,	0,	0,	0;
522,	34.227718950,	109.007428800,	441.059000000,	 8.860000000,	0,	0,	0,	0,	0;
523,	34.227692160,	109.007375200,	441.117000000,	 8.911000000,	0,	0,	0,	0,	0;
524,	34.227665030,	109.007321500,	441.169000000,	 8.967000000,	0,	0,	0,	0,	0;
525,	34.227637700,	109.007267400,	441.213000000,	 9.030000000,	0,	0,	0,	0,	0;
526,	34.227610170,	109.007212900,	441.270000000,	 9.087000000,	0,	0,	0,	0,	0;
527,	34.227582660,	109.007158200,	441.334000000,	 9.107000000,	0,	0,	0,	0,	0;
528,	34.227557260,	109.007107300,	441.386000000,	 9.195000000,	0,	0,	0,	0,	0;
529,	34.227531570,	109.007055800,	441.432000000,	 9.251000000,	0,	0,	0,	0,	0;
530,	34.227505790,	109.007004000,	441.470000000,	 9.337000000,	0,	0,	0,	0,	0;
531,	34.227479910,	109.006951500,	441.506000000,	 9.445000000,	0,	0,	0,	0,	0;
532,	34.227454060,	109.006898400,	441.574000000,	 9.494000000,	0,	0,	0,	0,	0;
533,	34.227428590,	109.006844800,	441.621000000,	 9.515000000,	0,	0,	0,	0,	0;
534,	34.227403230,	109.006790700,	441.658000000,	 9.559000000,	0,	0,	0,	0,	0;
535,	34.227378010,	109.006736500,	441.719000000,	 9.528000000,	0,	0,	0,	0,	0;
536,	34.227352930,	109.006682300,	441.759000000,	 9.556000000,	0,	0,	0,	0,	0;
537,	34.227327890,	109.006628100,	441.813000000,	 9.482000000,	0,	0,	0,	0,	0;
538,	34.227303370,	109.006574600,	441.867000000,	 9.289000000,	0,	0,	0,	0,	0;
539,	34.227279380,	109.006522300,	441.915000000,	 9.067000000,	0,	0,	0,	0,	0;
540,	34.227253920,	109.006467300,	441.957000000,	 8.839000000,	0,	0,	0,	0,	0;
541,	34.227229010,	109.006413600,	441.995000000,	 8.606000000,	0,	0,	0,	0,	0;
542,	34.227204750,	109.006361400,	442.046000000,	 8.340000000,	0,	0,	0,	0,	0;
543,	34.227179690,	109.006307000,	442.100000000,	 8.050000000,	0,	0,	0,	0,	0;
544,	34.227155900,	109.006254500,	442.162000000,	 7.681000000,	0,	0,	0,	0,	0;
545,	34.227132250,	109.006202100,	442.226000000,	 6.989000000,	0,	0,	0,	0,	0;
546,	34.227108860,	109.006150200,	442.284000000,	 5.758000000,	0,	0,	0,	0,	0;
547,	34.227085200,	109.006099000,	442.347000000,	 4.143000000,	0,	0,	0,	0,	0;
548,	34.227054590,	109.006056200,	442.359000000,	 2.727000000,	0,	0,	0,	0,	0;
549,	34.227008140,	109.006051900,	442.313000000,	 2.448000000,	0,	0,	0,	0,	0;
550,	34.226986910,	109.006102300,	442.312000000,	 2.738000000,	0,	0,	0,	0,	0;
551,	34.227000370,	109.006146400,	442.191000000,	 2.719000000,	0,	0,	0,	0,	0;
552,	34.227019510,	109.006185200,	442.216000000,	 0.019000000,	0,	0,	0,	0,	0;
